[
  {
    "question": "Find the minimum value of the quadratic program: minimize (1/2) y^T Q y + r^T y\nwhere Q = [[ 34. -18.   2.  -3.   2.]\n [-18.  36.  36.  -8.  -6.]\n [  2.  36.  56.  -4. -12.]\n [ -3.  -8.  -4.  30. -16.]\n [  2.  -6. -12. -16.  20.]] and r = [-4. -1.  4. -1. -1.],\nsubject to C y <= d and E y = f, where\nC = [[-1. -3.  4. -2. -3.]\n [ 0.  4.  0. -2.  1.]\n [-3.  3. -2. -2.  2.]], d = [-16.  10.   6.],\nE = [[-1.  4. -4.  0.  2.]\n [-3. -3. -3. -3. -3.]], f = [ 12. -24.].\nWhat is the optimal objective value?",
    "answer": "15.89"
  },
  {
    "question": "Consider the optimization problem: minimize (1/2) w^T H w + g^T w\nwith H = [[ 67.   5. -22.  11.  29.  -2.  11.   8.]\n [  5.  67.  -2. -25.  38.   0.  20.  12.]\n [-22.  -2.  60.  46.  -3. -15.  20. -12.]\n [ 11. -25.  46.  71.  -7.  -6.  13.   4.]\n [ 29.  38.  -3.  -7.  68. -39.   5.  19.]\n [ -2.   0. -15.  -6. -39.  68. -15.   1.]\n [ 11.  20.  20.  13.   5. -15.  47.  -2.]\n [  8.  12. -12.   4.  19.   1.  -2.  56.]] and g = [-4. -3.  2. -3. -1. -4.  2.  2.],\nunder the constraints F w <= e and D w = c, where\nF = [[-1.  4. -1. -1.  2. -4.  4. -1.]\n [-3. -3. -3.  0.  2. -3.  1. -3.]\n [-4. -2. -1. -4. -1. -2. -4.  4.]\n [ 3.  4. -1. -2.  1. -3. -1.  3.]\n [-4.  4.  2. -3. -4.  2. -2. -3.]], e = [  5. -28. -23.  15.  -8.],\nD = [[ 2.  1. -2. -4. -4. -3.  4.  4.]\n [ 0. -3. -4.  4.  4. -3.  4. -2.]\n [ 3. -1.  4. -1. -1. -4. -2.  1.]\n [ 0.  4. -1.  3.  3.  4. -3. -1.]], c = [ 7. -5. -5. 19.].\nWhat is the minimum value achieved?",
    "answer": "1004.14"
  },
  {
    "question": "Find the minimum value of the quadratic program: minimize (1/2) y^T Q y + r^T y\nwhere Q = [[ 63.  53.  16.  24.   6. -30.]\n [ 53.  60.   0.  31.  -1. -25.]\n [ 16.   0.  28.  10.  10.  -4.]\n [ 24.  31.  10.  35.  -9.  -9.]\n [  6.  -1.  10.  -9.  50.  18.]\n [-30. -25.  -4.  -9.  18.  32.]] and r = [-2. -4. -1.  0. -4. -3.],\nsubject to C y <= d and E y = f, where\nC = [[-1.  2.  1. -2. -4.  2.]\n [-3. -3.  0. -3.  4.  4.]], d = [  3. -13.],\nE = [[-2.  3. -2. -4.  3.  1.]\n [-3. -1.  2. -4.  3. -3.]\n [-3.  3.  0.  0.  0.  1.]], f = [-11. -13.   4.].\nWhat is the optimal objective value?",
    "answer": "215.49"
  }
]