[
  {
    "question": "Consider the optimization problem: minimize (1/2) w^T H w + g^T w\nwith H = [[ 181.  -49.   34.   15.   34.   22.   29.   22.  -29.   -4.  -13.   44.\n    -4.   17.   16.  -13.  -17.  -29.   56.   24.  -56.   78.   -4.   17.\n   -21.   32.   36.  -10.]\n [ -49.  192.   44.    9.   77.   51.  -18.   52.   37.  -53.   24.   12.\n     4.  -13.  -26.   57.   18.   39.   13.  -24.   27.  -62.  -26.  -21.\n   -17.    5.  133.   42.]\n [  34.   44.  193.  -11.  -13.   41.  -12.   21.  -34.  -51.   17.    8.\n   -12.   49.   44.   12.  -36.  -10.   26.  -21.   60.   11.   -6.   39.\n   -17.   14.   50.   45.]\n [  15.    9.  -11.  140.   20.    1.   30.  -12.  -68.   24.   37.    9.\n    -6.   40.   19.  -14.   -8.   51.   47.  -11.  -62.   15.   31.  -42.\n   -94.   42.   31.   -6.]\n [  34.   77.  -13.   20.  255.   -2.   18.   30.  -41.   41.  -33.  -14.\n    -5.  -12.  -27.    2.   33.  -18.   60.  -27.  -46.  -26.  -82.  -24.\n   -26.   10.   97.   -5.]\n [  22.   51.   41.    1.   -2.  193.   52.  -20.  -25.  -20.    4.   25.\n   -18.   48.  -17.  -38.  -91.   30.  -30.    1.   28.  -25.  -44.  -30.\n   -12.   -8.   17.   29.]\n [  29.  -18.  -12.   30.   18.   52.  202.   63.  -15.   -2.  -37.  130.\n    31.   38.  -36.  -71.  -18.  -18.   10.  -15.  -34.  -12.   20.  -72.\n    -9.    5.  -33.  -40.]\n [  22.   52.   21.  -12.   30.  -20.   63.  147.   31.  -21.  -37.  114.\n    40.  -42.  -13.   12.   21.   -4.   61.   19.  -20.   20.   -6.   11.\n    10.   10.   60.    2.]\n [ -29.   37.  -34.  -68.  -41.  -25.  -15.   31.  153.  -52.  -32.   24.\n    28.  -72.   -8.   42.   39.   13.   -8.   16.  -17.   11.  -12.   25.\n    42.  -16.   44.   -1.]\n [  -4.  -53.  -51.   24.   41.  -20.   -2.  -21.  -52.  197.  -44.  -19.\n   -41.  -33.   33.  -64.    3.   24.  -26.   -3.   18.  -44.    8.   -5.\n   -23.   -3.  -50.   -9.]\n [ -13.   24.   17.   37.  -33.    4.  -37.  -37.  -32.  -44.  194.  -89.\n   -44.  100.   32.  -26.  -11.   58.  -10.  -30.   14.  -15.   49.  -17.\n     9.   -3.   -4.   -7.]\n [  44.   12.    8.    9.  -14.   25.  130.  114.   24.  -19.  -89.  219.\n    34.  -52.   -1.    5.    9.   -6.   33.   20.  -79.   13.    3.  -35.\n   -17.   12.   11.  -36.]\n [  -4.    4.  -12.   -6.   -5.  -18.   31.   40.   28.  -41.  -44.   34.\n   159.  -67.  -63.   31.    3.  -63.   41.  -34.  -44.   22.  -34.  -52.\n    -3.  -71.   68.   41.]\n [  17.  -13.   49.   40.  -12.   48.   38.  -42.  -72.  -33.  100.  -52.\n   -67.  211.   12.  -67.  -23.    3.    4.  -33.   43.    1.  -15.  -71.\n   -24.    9.  -44.    8.]\n [  16.  -26.   44.   19.  -27.  -17.  -36.  -13.   -8.   33.   32.   -1.\n   -63.   12.  187.   17.    5.   40.    6.   84.   -4.   12.   33.    2.\n    19.   30.  -31.  -32.]\n [ -13.   57.   12.  -14.    2.  -38.  -71.   12.   42.  -64.  -26.    5.\n    31.  -67.   17.  158.   -9.  -26.   26.   45.   15.   30.   -4.   26.\n     7.   11.   53.    4.]\n [ -17.   18.  -36.   -8.   33.  -91.  -18.   21.   39.    3.  -11.    9.\n     3.  -23.    5.   -9.  220.  -26.  -22.  -34. -106.   -2.  -50.  -27.\n    -6.   30.   23.    7.]\n [ -29.   39.  -10.   51.  -18.   30.  -18.   -4.   13.   24.   58.   -6.\n   -63.    3.   40.  -26.  -26.  193.  -45.  -14.  -15.   14.   33.   38.\n   -30.   32.   26.  -14.]\n [  56.   13.   26.   47.   60.  -30.   10.   61.   -8.  -26.  -10.   33.\n    41.    4.    6.   26.  -22.  -45.  147.   17.  -48.   34.   -8.  -12.\n   -21.   15.   92.   12.]\n [  24.  -24.  -21.  -11.  -27.    1.  -15.   19.   16.   -3.  -30.   20.\n   -34.  -33.   84.   45.  -34.  -14.   17.  153.   38.    7.   64.   13.\n    37.   45.  -30.  -32.]\n [ -56.   27.   60.  -62.  -46.   28.  -34.  -20.  -17.   18.   14.  -79.\n   -44.   43.   -4.   15. -106.  -15.  -48.   38.  251.  -29.   59.   17.\n    43.  -46.  -55.   25.]\n [  78.  -62.   11.   15.  -26.  -25.  -12.   20.   11.  -44.  -15.   13.\n    22.    1.   12.   30.   -2.   14.   34.    7.  -29.  172.  -32.   52.\n   -25.    2.   18.   12.]\n [  -4.  -26.   -6.   31.  -82.  -44.   20.   -6.  -12.    8.   49.    3.\n   -34.  -15.   33.   -4.  -50.   33.   -8.   64.   59.  -32.  232.   53.\n    20.   21.  -73.  -35.]\n [  17.  -21.   39.  -42.  -24.  -30.  -72.   11.   25.   -5.  -17.  -35.\n   -52.  -71.    2.   26.  -27.   38.  -12.   13.   17.   52.   53.  244.\n    -9.   61.  -38.   -7.]\n [ -21.  -17.  -17.  -94.  -26.  -12.   -9.   10.   42.  -23.    9.  -17.\n    -3.  -24.   19.    7.   -6.  -30.  -21.   37.   43.  -25.   20.   -9.\n   160.    8.  -26.  -53.]\n [  32.    5.   14.   42.   10.   -8.    5.   10.  -16.   -3.   -3.   12.\n   -71.    9.   30.   11.   30.   32.   15.   45.  -46.    2.   21.   61.\n     8.  186.   11.  -79.]\n [  36.  133.   50.   31.   97.   17.  -33.   60.   44.  -50.   -4.   11.\n    68.  -44.  -31.   53.   23.   26.   92.  -30.  -55.   18.  -73.  -38.\n   -26.   11.  227.   66.]\n [ -10.   42.   45.   -6.   -5.   29.  -40.    2.   -1.   -9.   -7.  -36.\n    41.    8.  -32.    4.    7.  -14.   12.  -32.   25.   12.  -35.   -7.\n   -53.  -79.   66.  191.]] and g = [-1.  0.  4. -1.  4.  2. -3.  1. -3. -2. -2.  2.  1.  0.  0. -1. -4. -3.\n -3.  1. -1. -3. -4. -4.  1.  4. -2. -2.],\nunder the constraints F w <= e and D w = c, where\nF = [[ 1.  4. -2.  1.  3.  0. -4.  2.  2. -2.  4. -3.  2. -2.  3. -2. -4.  4.\n  -1. -4. -4. -1. -4.  0. -4.  2. -2.  1.]\n [ 1.  3. -2.  0.  2. -3.  2. -1.  3.  2. -1. -1. -4. -1.  2.  3. -1.  3.\n   0. -3. -2.  1. -4. -2.  4. -2.  4. -1.]\n [ 3.  2.  3. -3. -1. -3. -3.  2. -4.  4.  2.  2.  3. -4.  4.  0. -4.  0.\n   1.  0.  2.  4. -1. -4.  2.  0. -3.  1.]\n [-2.  2. -3. -4.  4.  3.  0. -4.  4. -3. -3.  2. -2. -2. -3. -2. -4.  2.\n  -4. -4.  4.  3.  1.  4. -2.  1.  2.  4.]\n [ 1.  2.  4.  4. -3.  0. -3.  1.  4. -2. -4.  1. -4.  2. -4.  3. -3. -1.\n   1.  0. -1.  2.  4.  3. -4. -1.  3.  1.]\n [ 3. -3. -3. -1. -3.  1. -4. -4.  4. -3. -3. -1. -2.  4.  0. -3. -2.  0.\n  -2.  4.  4.  0.  3.  4.  1. -3. -2.  3.]\n [ 1.  0.  2.  0.  1.  1. -3. -4.  4. -3.  4.  0.  2.  2. -4.  3.  4.  2.\n   0. -2. -2.  2.  0.  2.  2. -4.  4.  4.]\n [-4.  4. -4. -3.  3. -4.  2. -4.  4.  1. -2. -2.  3. -2. -1. -4.  3. -1.\n  -2.  0. -3. -4. -3. -4.  2.  4.  3. -2.]], e = [ -5.  -6.  35. -38. -21. -13.  27. -62.],\nD = [[-4.  1. -2.  3. -2.  0. -1. -4.  1. -2.  1.  1. -1. -3.  0.  1. -3.  3.\n  -3. -4.  4.  0.  2.  3. -1.  4. -3.  4.]\n [ 4.  1. -1. -2.  1.  0. -4. -4. -4.  4. -1. -2.  1. -3.  4. -2.  2. -4.\n  -1. -2.  0. -2.  1. -2.  0.  1.  2. -1.]\n [-4.  4.  1.  4.  4.  4. -1.  1.  2.  0. -1. -1. -4. -1.  4.  2.  0. -2.\n  -3. -1. -3.  0. -2.  3.  1. -2. -3. -1.]\n [ 2. -2. -2.  2.  3.  4.  3.  3. -4. -2. -1.  0.  3.  4. -3.  1.  0. -2.\n   4. -4.  2.  3.  0. -1.  3.  0.  2. -4.]\n [ 3. -4.  4. -4.  0. -1.  0. -1.  0.  4.  0. -1. -2.  3.  2.  0.  3. -4.\n   3.  1. -4. -3. -3.  3.  2.  2.  1.  0.]\n [ 1.  4.  2.  1.  0.  4. -1. -1. -1.  4. -2.  3.  3. -2. -2. -2.  2. -2.\n  -3.  2.  2. -3. -3. -1.  4.  3.  0.  3.]\n [-3. -4.  3. -4.  3. -2. -2.  2. -3.  4.  4.  0.  2.  1.  3. -2. -2.  4.\n   1. -1. -3. -3. -1. -1. -4.  2.  0.  4.]\n [ 4. -2. -4. -4.  3.  3. -1.  1. -1. -3.  4.  4.  1. -3. -1. -3. -1.  3.\n  -4. -1.  0.  3.  1. -2.  4. -1. -1. -3.]\n [-4. -1.  0.  1.  0. -1. -1. -1.  0. -4.  0. -1.  1. -4.  4.  3.  1. -4.\n   3. -1. -2. -4. -4. -3.  4.  4. -3.  3.]\n [ 2.  4.  1.  3.  0. -3. -2.  2. -1.  1. -3. -4.  1. -4.  4.  1. -4.  4.\n   4.  4.  0. -2.  0. -2. -1. -2.  0. -2.]\n [ 0.  3. -3.  4. -3.  3.  1. -3. -3. -1. -4. -2. -1.  0. -4. -1. -2.  4.\n   3. -1. -2.  0.  3. -1. -1.  4.  0.  3.]\n [-4. -3.  1.  3. -4.  4. -2. -1.  0. -1.  1.  0.  3.  1.  2. -3.  1. -1.\n   1. -2.  0.  3.  1. -1. -1.  1. -4.  3.]\n [ 1.  3.  1. -4.  2. -3.  0.  3.  4.  2.  3. -2.  1.  0.  2. -1.  3.  0.\n  -3.  1.  4.  2. -3.  4. -4. -1.  0.  3.]\n [-2. -1.  4. -1. -3.  2. -2.  1. -2. -4.  4.  4. -2.  3. -2. -1. -2.  2.\n  -4.  2. -1.  0. -2. -4.  0.  0. -2. -1.]], c = [ -4.  -7.  17.  35.  -3.  43.  -2.   3.  12.   5. -28.  16.  42. -31.].\nWhat is the minimum value achieved?",
    "answer": "3374.54"
  },
  {
    "question": "Consider the optimization problem: minimize (1/2) w^T H w + g^T w\nwith H = [[ 25.   7. -10.]\n [  7.  11.   7.]\n [-10.   7.  29.]] and g = [ 0.  0. -1.],\nunder the constraints F w <= e and D w = c, where\nF = [[ 2. -1. -2.]\n [-1.  1.  3.]\n [-4.  2.  0.]\n [ 1.  1.  1.]\n [ 4.  1.  1.]\n [-2. -4.  3.]\n [-3.  4.  3.]\n [ 0. -4. -2.]\n [ 0.  1.  2.]\n [ 4.  4.  1.]\n [-3. -3.  4.]], e = [  6.   3.  -2.   8.  19. -16.   4.  -9.   4.  26. -17.],\nD = [[-1. -4. -2.]], c = [-15.].\nWhat is the minimum value achieved?",
    "answer": "203.88"
  },
  {
    "question": "Consider the optimization problem: minimize (1/2) w^T H w + g^T w\nwith H = [[ 18. -29. -14.  13.]\n [-29.  57.  26. -12.]\n [-14.  26.  17.   3.]\n [ 13. -12.   3.  42.]] and g = [-4. -1.  1.  3.],\nunder the constraints F w <= e and D w = c, where\nF = [[ 0.  0. -1. -1.]\n [-4.  2.  4. -1.]\n [ 4. -3. -4.  2.]\n [-3.  3.  2.  2.]], e = [-4.  0.  7. 14.],\nD = [[-4.  3.  4. -1.]\n [ 0.  1.  3. -1.]], c = [1. 8.].\nWhat is the minimum value achieved?",
    "answer": "113.27"
  }
]