[
  {
    "question": "Find the minimum value of the quadratic program: minimize (1/2) y^T Q y + r^T y\nwhere Q = [[ 96.  27. -48.  31.  21.  24. -41.  30.  20.  23. -30.]\n [ 27.  85. -19.   9.   3. -13. -33.  39.   7.  -5. -26.]\n [-48. -19.  92.   8. -33. -33.   1. -37. -37.   1.  57.]\n [ 31.   9.   8.  63. -22. -15. -23. -13.  -5.  11. -13.]\n [ 21.   3. -33. -22.  64.  21.  -3.  -6.  30.  -6.  -8.]\n [ 24. -13. -33. -15.  21.  45.  -7.  -2.  30.   9. -26.]\n [-41. -33.   1. -23.  -3.  -7.  63.  -8. -13.  18.  31.]\n [ 30.  39. -37. -13.  -6.  -2.  -8.  93.  13.  -2. -12.]\n [ 20.   7. -37.  -5.  30.  30. -13.  13. 104. -61. -38.]\n [ 23.  -5.   1.  11.  -6.   9.  18.  -2. -61.  99.  29.]\n [-30. -26.  57. -13.  -8. -26.  31. -12. -38.  29.  77.]] and r = [ 2.  1. -2. -4.  1. -2.  3.  1.  3.  1.  4.],\nsubject to C y <= d and E y = f, where\nC = [[-4.  4. -3.  0. -4.  3. -4.  4.  3. -3. -4.]\n [ 4.  0.  0. -2.  3. -3.  2. -3.  3.  2. -1.]\n [-2.  1. -2. -1.  4. -1. -2.  2.  3. -1.  2.]\n [ 3.  2.  3. -1. -3. -2.  3. -3. -2.  3.  2.]\n [ 4.  4. -4.  2.  4.  1.  2.  0. -4.  4.  1.]\n [ 0.  3. -1.  4. -2. -1. -1.  2.  1. -2.  3.]\n [-1. -4.  2. -4.  3.  4.  3. -4.  1. -2.  0.]\n [ 3.  0.  0.  0.  2. -1. -2.  4.  4. -1. -1.]\n [ 0. -2.  2. -2.  1. -1.  4.  1. -4.  3. -3.]\n [ 0.  2.  4.  1. -4. -2.  2.  4. -2. -4.  1.]\n [ 3. -3.  2.  0.  4. -1. -1. -4.  2.  2.  3.]\n [-3. -3. -1. -1.  0. -4. -3. -3. -1. -1.  2.]\n [-3. -1.  4. -3.  0.  4. -4.  1.  3. -3. -3.]\n [-1.  3.  1.  1. -2. -2. -1. -4.  1.  0. -2.]\n [-4. -1. -2. -4.  0. -1. -3.  0.  2. -3.  3.]\n [ 3. -1. -4.  0.  1.  4.  2.  3. -3. -4.  1.]\n [-1. -1.  2. -4. -3.  3. -1.  3. -2.  4. -4.]\n [-3. -2.  1.  1.  3. -1.  4. -3.  2. -2. -4.]\n [ 4. -1.  3. -3.  2.  4. -3.  3.  2. -3. -1.]\n [-2. -4.  4.  1.  3. -4. -1.  3.  1. -2.  3.]\n [ 1. -1. -2.  1.  1.  1. -3.  3.  0.  2. -2.]\n [ 3.  3.  0. -2. -3. -1. -4. -2. -4.  2. -3.]\n [ 1. -1. -2. -2.  2.  3.  0. -2.  2.  1.  2.]\n [ 1. -3.  1.  3. -3. -3.  2.  0. -4.  4. -3.]], d = [  2.   3.   5.   1.   3.  21.   3.  21. -14.   5.  18. -31.  13.  -1.\n -23.  -3.  -8.   6.  19.  11.   6. -28.  10.  -8.],\nE = [[ 0. -4.  4. -1. -3.  1. -1.  1. -4.  4.  0.]\n [-2. -1. -1.  3.  3. -4.  4.  1. -2. -4. -2.]\n [ 4. -2. -2. -2. -2. -3. -2.  3.  1.  0. -1.]\n [ 1.  1. -2. -2. -1. -1. -4. -3.  2.  2.  3.]\n [ 1.  4. -2.  2.  1. -4.  1.  1.  4. -3.  0.]], f = [ -8. -12. -19. -10.  11.].\nWhat is the optimal objective value?",
    "answer": "987.74"
  },
  {
    "question": "Minimize the quadratic objective (1/2) x^T P x + q^T x where\nP = [[ 46. -12.  11.  -3. -33.  11.  31.  19.  11.  21.]\n [-12.  59.  45.   9.   6.  26.  -2.  13.   0. -13.]\n [ 11.  45.  64.  14. -16.  10.  17.  20. -13.  11.]\n [ -3.   9.  14.  67.  11.   7. -20.   3.   4. -10.]\n [-33.   6. -16.  11.  77. -30. -35. -58.   4.  12.]\n [ 11.  26.  10.   7. -30.  72.  -9.  38.  19. -32.]\n [ 31.  -2.  17. -20. -35.  -9.  69.   7.   8.  23.]\n [ 19.  13.  20.   3. -58.  38.   7.  71.  -9. -25.]\n [ 11.   0. -13.   4.   4.  19.   8.  -9.  52.  -2.]\n [ 21. -13.  11. -10.  12. -32.  23. -25.  -2.  46.]] and q = [ 2.  2. -3.  0. -3.  0.  4. -1.  3.  4.],\nsubject to G x <= h and A x = b, where\nG = [[-2. -4.  1. -3. -4. -4. -2.  0. -2.  4.]\n [-3.  0.  3.  1. -1. -3.  2. -4. -3.  1.]\n [ 3.  4. -3. -1.  4.  4.  1. -4. -2. -1.]\n [-3. -2.  0. -1. -2.  1.  0. -3. -3.  0.]\n [-3. -3. -2. -1.  0.  4.  1. -3.  0. -1.]\n [ 2.  2.  2.  4.  4. -1. -2. -2.  1. -3.]\n [-3. -1. -3. -1.  0.  3. -4. -2.  4. -2.]\n [-2.  1. -4. -3.  1. -3.  1. -2.  0.  0.]\n [ 3.  3. -3. -1.  1.  2. -1. -1.  3. -3.]\n [-4.  2. -2. -2. -3. -2.  4. -2.  0.  0.]\n [ 0.  1.  3. -1.  1.  4. -2. -3.  4.  3.]\n [-1. -4. -1.  1. -4. -2.  4. -2.  1. -1.]\n [-4.  2. -3. -3.  2.  2. -4.  3.  4.  3.]\n [-3.  4.  2. -3.  3. -3. -1.  3.  0. -1.]\n [ 2.  2. -3.  0. -1. -1. -2.  0.  3.  3.]\n [-3. -2. -1. -3.  1.  0. -1. -4.  2.  0.]\n [-2.  3.  1.  2.  1.  4. -1.  1.  4.  0.]\n [ 3. -4. -4. -3. -4.  4.  0. -3. -2. -3.]\n [ 4.  3.  3.  2.  3.  2.  2. -4. -3. -2.]\n [ 4.  0.  2. -2.  2.  4. -1.  2. -2.  3.]\n [-1. -3. -3. -1.  0. -2. -2.  1. -1. -1.]\n [ 2. -2. -3. -2.  2.  2. -3. -4. -3.  2.]\n [ 2. -4. -2. -4.  4. -3.  1.  4. -1. -4.]\n [-1. -3. -1.  0.  2. -4.  4. -4. -2.  4.]\n [-3.  3.  0. -2. -4. -1. -2.  4. -2.  4.]\n [-4.  0.  0. -3.  2. -3.  0. -1.  4.  2.]\n [ 1.  1.  1.  0.  4.  1. -2. -2.  3. -1.]\n [-1.  2.  3. -2.  0.  3.  3.  3.  2.  4.]\n [-4.  2.  1.  3. -4.  1. -2.  0.  3. -3.]\n [ 4. -4. -1.  0. -2. -1. -3. -3. -3. -3.]\n [-1.  1.  0. -2.  1. -4.  4.  0. -4. -1.]\n [ 3. -1. -1. -4.  2.  1.  3.  0.  3.  0.]\n [-1. -3. -1.  1. -2.  4.  3. -3. -1.  1.]\n [-2.  1.  4.  1.  3. -2. -1.  4.  0. -4.]\n [ 4.  4.  3.  3.  2.  0.  0. -2. -4.  1.]\n [ 3.  4. -4. -4.  0. -4.  3.  1.  3.  0.]\n [-2.  0.  0. -1. -3. -2. -2.  3.  4.  3.]\n [ 1.  0. -2.  4.  3.  1. -1.  0. -4. -1.]\n [ 3. -3.  0. -1. -1.  1.  4.  2.  1.  4.]\n [-3. -1. -4. -1. -2.  0. -1. -3.  2. -1.]\n [-3. -3.  0. -3.  1.  1.  4.  4. -4.  2.]\n [ 3.  2. -2. -3. -3.  4.  3.  1.  3.  1.]\n [ 2. -2. -2.  4.  2. -3. -2. -1.  0.  3.]\n [-1. -2.  3.  3.  0. -2.  4. -3.  2.  0.]\n [-3. -3. -4.  1. -1.  4.  2. -4.  0.  2.]\n [ 0. -2. -2. -1.  4.  2. -3. -2.  4. -4.]\n [-1.  1.  0. -2. -3. -1.  3.  3. -1.  0.]\n [-3. -4. -3. -1. -3. -1.  2. -4.  4. -4.]\n [ 3. -4. -2. -2. -3.  1. -2. -1.  3. -4.]\n [ 0. -2. -3.  4. -1.  4. -1.  1.  2.  1.]\n [-4. -3.  1.  2. -4. -1.  2.  0. -2.  0.]], h = [ -4. -17. -18. -28. -26.  14. -17. -27.   5. -29.  19. -10.   0.   6.\n  11. -21.  14. -21.   8.  30. -14. -22.   8. -21.   2.  -1.  14.  29.\n  -5.  -5. -16.  20. -18.  17.  12.  12.  17. -14.  26. -29.  -6.  18.\n   3.   7. -34.  -2.   3. -25.   7.   0. -15.],\nA = [[-2. -4. -4.  4.  2.  1.  4.  0.  1.  3.]\n [ 1.  0.  2. -1.  1. -4.  1. -1.  0. -2.]\n [-4. -3. -1.  3.  4. -2.  1. -4.  2. -1.]\n [-2. -1.  1.  3.  2.  0. -1.  4.  1. -2.]\n [-2.  3.  4.  0.  2.  0. -4. -3. -4. -3.]], b = [-18.   7. -27.   9. -16.].\nWhat is the optimal value?",
    "answer": "1776.53"
  },
  {
    "question": "Find the minimum value of the quadratic program: minimize (1/2) y^T Q y + r^T y\nwhere Q = [[241. -62. -23. -54.  49.  26.  30.  67.  41.  -1.  31. -65. -36.  70.\n   17. -41. -29.  57.  64. -18. -53.  37.   2.   8. -26. -32.  33. -27.\n    1.]\n [-62. 148. -15.  16.   3.  -4.  28. -13. -18.  15. -37.   9.   9.   6.\n  -35.  30. -44. -35.  45.  30.  48. -22.  -5.  20.  40.  12.   2.   1.\n   32.]\n [-23. -15. 142.  16. -16.  11.  15. -11. -33.  60. -18.  22.  39.   0.\n   -5.   6.  40.  13. -55.  15. -20. -39.  63. -35. -40.  60. -29.  48.\n  -13.]\n [-54.  16.  16. 187.  34. -59. -39.  -9. -71. -14.  10. -56. -15.   2.\n    1.  12.  90.  -2. -49. -24.  40. -31.  21.  24.  34. -20.  32.  44.\n   16.]\n [ 49.   3. -16.  34. 211.  63.  -3.  98.  13. -48.  28. -12.  -6.  14.\n   57. -40. -30.  46. -22.   9.   8.  -3.  -3.  53.  16.  14.  15.   7.\n  -15.]\n [ 26.  -4.  11. -59.  63. 209. -14.  58.  -7. -15.  36.   9.  10.  15.\n   96. -62. -24.   3.   3. -42. -13.   4. -46.   1. -37.  11. -34. -32.\n  -60.]\n [ 30.  28.  15. -39.  -3. -14. 153.  14. -11.  -6.   9.  32.  26.  39.\n   13.  40. -61. -32. -12.  42.  16. -28.  35.  30.  11.  35. -44.  -3.\n   21.]\n [ 67. -13. -11.  -9.  98.  58.  14. 211.  32. -19.  38.  -6.  -7.  28.\n  -32. -65.  -4.  74. -18.  -8. -15.  53. -22.  24.  19.   0.  -2.  38.\n   11.]\n [ 41. -18. -33. -71.  13.  -7. -11.  32. 152.  35.   1.  24.   8.  -4.\n    1. -36. -48.  18.  27.  30. -51.  41. -10.  11.  21.  35.  32. -37.\n  -31.]\n [ -1.  15.  60. -14. -48. -15.  -6. -19.  35. 165. -58. -18.  36. -46.\n  -16. -27.   2.  -5. -23.   8. -38.  47.  41. -39. -17.  50.  -1. -53.\n  -45.]\n [ 31. -37. -18.  10.  28.  36.   9.  38.   1. -58. 162.  42. -43.  16.\n    6. -15.  34. -12. -10.   5.  37. -34.  35.  63.  57. -24.  -2.  38.\n  -11.]\n [-65.   9.  22. -56. -12.   9.  32.  -6.  24. -18.  42. 196.   7. -65.\n   -9.  42.   3.  35.   5.  44.  63. -58.  29.   5.  53.  49. -76.  13.\n  -21.]\n [-36.   9.  39. -15.  -6.  10.  26.  -7.   8.  36. -43.   7. 170.   1.\n   16. -54. -50. -22. -51.  32. -18. -25.  30. -50.  -4.  28. -43. -23.\n   11.]\n [ 70.   6.   0.   2.  14.  15.  39.  28.  -4. -46.  16. -65.   1. 227.\n   31.  18. -71.  59. -36.  18.  -2. -25.  23.  35. -64. -53. -10.  41.\n   56.]\n [ 17. -35.  -5.   1.  57.  96.  13. -32.   1. -16.   6.  -9.  16.  31.\n  247.  -1.  10.  20. -53. -15.  43.  31.  32.  27. -60. -20.  16. -60.\n  -45.]\n [-41.  30.   6.  12. -40. -62.  40. -65. -36. -27. -15.  42. -54.  18.\n   -1. 196.  23.   7. -25. -18.  60. -27.  20.  41. -19.   0. -28.  -6.\n   35.]\n [-29. -44.  40.  90. -30. -24. -61.  -4. -48.   2.  34.   3. -50. -71.\n   10.  23. 219.   1. -59.  -5.  41.   2.  43.  -9.  -4. -15.   2.  34.\n  -26.]\n [ 57. -35.  13.  -2.  46.   3. -32.  74.  18.  -5. -12.  35. -22.  59.\n   20.   7.   1. 209. -27. -38.  -8.  59.  35.   5. -84.  29. -28.   7.\n   -7.]\n [ 64.  45. -55. -49. -22.   3. -12. -18.  27. -23. -10.   5. -51. -36.\n  -53. -25. -59. -27. 213.  42.  17.  -6. -87.   4.  54. -63.  74.  -4.\n   28.]\n [-18.  30.  15. -24.   9. -42.  42.  -8.  30.   8.   5.  44.  32.  18.\n  -15. -18.  -5. -38.  42. 215.  57. -48.  45.  32.  55. -43.  -2.  13.\n   39.]\n [-53.  48. -20.  40.   8. -13.  16. -15. -51. -38.  37.  63. -18.  -2.\n   43.  60.  41.  -8.  17.  57. 194. -27.  35.  66.  47. -42.  13.   5.\n   26.]\n [ 37. -22. -39. -31.  -3.   4. -28.  53.  41.  47. -34. -58. -25. -25.\n   31. -27.   2.  59.  -6. -48. -27. 193. -13.  27. -43.  46.  53. -60.\n  -23.]\n [  2.  -5.  63.  21.  -3. -46.  35. -22. -10.  41.  35.  29.  30.  23.\n   32.  20.  43.  35. -87.  45.  35. -13. 154. -11. -14.  45. -13.  10.\n  -11.]\n [  8.  20. -35.  24.  53.   1.  30.  24.  11. -39.  63.   5. -50.  35.\n   27.  41.  -9.   5.   4.  32.  66.  27. -11. 160.  17.   6.  22. -32.\n    7.]\n [-26.  40. -40.  34.  16. -37.  11.  19.  21. -17.  57.  53.  -4. -64.\n  -60. -19.  -4. -84.  54.  55.  47. -43. -14.  17. 161. -20.  34.  29.\n   42.]\n [-32.  12.  60. -20.  14.  11.  35.   0.  35.  50. -24.  49.  28. -53.\n  -20.   0. -15.  29. -63. -43. -42.  46.  45.   6. -20. 209. -27. -33.\n  -32.]\n [ 33.   2. -29.  32.  15. -34. -44.  -2.  32.  -1.  -2. -76. -43. -10.\n   16. -28.   2. -28.  74.  -2.  13.  53. -13.  22.  34. -27. 187. -14.\n   21.]\n [-27.   1.  48.  44.   7. -32.  -3.  38. -37. -53.  38.  13. -23.  41.\n  -60.  -6.  34.   7.  -4.  13.   5. -60.  10. -32.  29. -33. -14. 168.\n   51.]\n [  1.  32. -13.  16. -15. -60.  21.  11. -31. -45. -11. -21.  11.  56.\n  -45.  35. -26.  -7.  28.  39.  26. -23. -11.   7.  42. -32.  21.  51.\n  149.]] and r = [ 4.  1. -1. -2.  3.  3.  2. -3.  1. -2. -1.  3.  1.  3.  1.  1.  2.  2.\n  0.  3.  2. -1. -1.  1.  3. -2.  2.  1.  4.],\nsubject to C y <= d and E y = f, where\nC = [[-1.  1. -2. -3. -3. -4. -1.  2.  1. -4.  0. -2. -2.  1.  4. -2.  2.  1.\n   3. -4.  4.  1. -2. -2.  4.  3.  2.  4.  3.]\n [-4.  1.  4. -4. -3. -4. -2.  1.  1. -4. -3. -4. -3. -2.  4. -1.  1.  3.\n   1.  1.  2. -4.  2.  4. -2.  2. -2.  4.  4.]\n [ 1. -2. -4. -1. -4.  0. -1.  3.  2.  0. -1.  0. -1.  4.  1. -2.  4.  0.\n  -2.  1. -3.  4. -1. -1.  3.  4. -4.  2. -4.]\n [ 1. -4.  3.  3. -2.  1.  0.  1.  3.  3. -1. -3.  0.  2.  2. -1.  2. -1.\n   4. -1.  3.  2.  4. -4.  1.  0. -4. -4.  1.]\n [-2.  2.  2. -3. -1. -2. -2. -2.  0.  4. -4.  1.  2. -1. -2. -3.  3.  2.\n  -1. -3. -3. -2.  4.  4.  0.  0.  0. -4.  4.]\n [-2.  2.  4. -1. -3.  2.  4.  0.  0. -1.  3.  0.  1. -2.  0.  3.  4. -3.\n  -4.  0.  1.  2.  2. -2.  2. -4. -1. -1.  4.]\n [ 1. -3.  4.  2. -3.  4. -2.  3. -3. -4.  1.  4.  3.  4.  4.  0.  2.  1.\n   2. -2. -4. -3.  0.  0.  3.  1.  1.  3. -4.]], d = [ -3. -13.   3.  48. -30.  14.  23.],\nE = [[-4. -2.  2.  4.  3. -4.  4.  2.  2. -1.  2. -3. -4. -2.  0. -1.  4.  1.\n  -2.  1. -2.  2. -3. -4.  3.  4.  4.  0.  0.]\n [ 1.  4. -2.  3. -3.  4.  0.  2. -2.  1. -1. -1.  0. -1. -4.  1. -2.  3.\n  -2. -4.  3. -1.  1.  2. -2.  4.  1. -2. -3.]\n [ 3. -4.  0. -1.  0. -3. -3. -1. -4.  0.  0. -2. -2. -3. -2.  2.  3.  1.\n   3. -3. -2. -1. -3. -2.  0.  2.  3. -1.  3.]\n [-4. -3. -4. -1.  3.  3.  1.  1. -1. -2. -3. -2.  4. -3. -2. -2.  3. -1.\n  -4. -4.  0. -1. -4. -4.  3. -3. -3.  3.  3.]\n [-2.  0.  4.  2. -1. -2. -3. -1.  2. -4.  0.  1. -1. -2. -1. -2. -3. -2.\n   1.  3. -4. -1. -4. -4. -3. -3.  4.  2. -3.]\n [-1.  2.  1.  3.  1.  3.  0.  4.  0.  0.  3.  4.  0.  4.  3.  2. -4.  2.\n  -1. -4.  3.  4.  2.  0. -1.  0. -4. -1.  4.]\n [-3. -1.  4. -4.  4. -2.  2. -3. -3.  0. -4. -3.  0. -1. -2.  4.  0. -3.\n  -3.  2.  3. -1. -2.  0. -2. -4.  3. -3.  2.]\n [-4. -1.  3.  3. -2.  4. -3. -3.  1. -3. -4. -4. -1.  0.  2.  2. -4.  4.\n  -2. -1.  2.  2.  0. -3. -1.  3.  3.  0. -3.]\n [ 4. -3. -2.  2.  4.  3.  1. -1.  4. -4.  4. -3.  2. -4.  0. -4.  3.  2.\n  -4.  4. -3. -3.  0. -3.  0. -4.  0. -3.  4.]\n [ 2.  0.  1.  3. -1.  3. -1. -2.  3.  1. -4.  1. -3. -1. -1.  1.  1.  2.\n  -1.  2.  4. -3.  2.  1.  1.  0. -1. -4. -2.]\n [ 4.  2. -4.  2. -3.  3. -1.  0.  2. -3. -2. -2. -2. -4.  1.  3.  3. -2.\n  -1.  2. -1. -4. -1.  0. -2. -2.  1. -4.  4.]\n [ 1.  4.  3.  0. -2.  3. -3. -1. -4.  4. -3.  4.  4. -2.  3.  1.  1. -2.\n   4.  2.  2.  0. -3. -1.  0.  4.  1. -3.  2.]\n [ 2.  0. -1.  1.  0. -1. -3. -2. -1.  0. -1. -1. -4.  2.  4.  1.  0.  3.\n  -1.  0.  1.  4.  3.  0.  1.  3.  4. -2.  0.]\n [ 4.  4. -4. -1.  2. -2.  3. -4. -1.  1.  0. -2. -3.  2.  1. -4.  2.  0.\n  -3.  1.  3.  4. -4. -3. -2.  4.  0. -2. -1.]], f = [  1.  11. -60. -84. -38.  74. -43.  13. -16.  43.  -7.  41.  42.  13.].\nWhat is the optimal objective value?",
    "answer": "10644.58"
  }
]