[
  {
    "question": "Find the minimum value of the quadratic program: minimize (1/2) y^T Q y + r^T y\nwhere Q = [[ 25.  -8.  14.   9.  -2. -10.   3.  -1.  -2.   9.   9.  17.  -6.]\n [ -8. 104.  23. -46.  13.  36.  11. -44.  31. -19.  50. -13.  -8.]\n [ 14.  23.  72.   3.   9.   0. -15.   5. -13. -43.  29.  39. -29.]\n [  9. -46.   3. 102.  21. -58.  -5.   1. -55.  32.  34.  52.  -8.]\n [ -2.  13.   9.  21.  86. -32.   4.  -5. -53. -14.  -2.   1.  10.]\n [-10.  36.   0. -58. -32.  66.   6.   8.  50. -36.   1. -37.  10.]\n [  3.  11. -15.  -5.   4.   6.  59. -18.  20.  44.   5.  -3.  19.]\n [ -1. -44.   5.   1.  -5.   8. -18.  81.   5. -35. -53. -33. -28.]\n [ -2.  31. -13. -55. -53.  50.  20.   5. 109.   2.  -5. -53. -12.]\n [  9. -19. -43.  32. -14. -36.  44. -35.   2. 108.  14.  21.   9.]\n [  9.  50.  29.  34.  -2.   1.   5. -53.  -5.  14.  97.  46.  -1.]\n [ 17. -13.  39.  52.   1. -37.  -3. -33. -53.  21.  46.  86.  -7.]\n [ -6.  -8. -29.  -8.  10.  10.  19. -28. -12.   9.  -1.  -7.  57.]] and r = [ 1. -3. -2.  3. -2. -2. -4.  1.  1. -4.  3. -3.  2.],\nsubject to C y <= d and E y = f, where\nC = [[-2.  2. -1. -2. -3.  2.  4. -2.  2. -4. -1. -1. -3.]\n [-3.  1. -1.  4. -4.  0.  0.  1. -1.  0. -3.  3.  2.]\n [ 1.  3.  4. -2. -1. -2. -2.  3. -3.  0. -4. -4.  1.]\n [-2. -3.  0.  2. -3.  1.  4.  4.  2.  1.  3.  4.  0.]\n [ 2.  3. -1.  2. -1.  2.  4.  0.  1.  1. -3.  3.  2.]\n [ 3. -2. -1.  0. -4. -4.  0.  3. -4.  0. -1. -1. -4.]\n [ 0.  4.  1.  1. -3.  2.  1.  4.  1.  2.  1. -4.  0.]\n [-2.  0.  0.  2.  3.  3.  1. -4. -3. -3. -2. -2.  3.]\n [-3. -3. -3.  1.  0.  4. -1.  1.  3.  2. -4. -2. -3.]\n [ 2. -4. -1.  1.  3. -2.  2.  0.  2. -1.  3.  3.  2.]\n [-4. -4. -1. -3.  0.  3. -2.  4. -4.  0.  1.  3. -2.]\n [-3. -3.  0. -4.  1.  1.  0. -4.  3. -3.  0. -1.  2.]\n [-3. -4.  3. -3.  4. -2.  0. -4.  2.  1.  4.  0. -2.]\n [-2. -2.  4.  3.  1.  2. -4.  1. -2.  4.  0.  1.  2.]\n [ 0. -3.  1. -1. -4.  0.  1.  2. -4.  2.  0. -1.  4.]\n [ 3. -3. -4. -2. -1.  4. -2. -1.  1. -3. -4.  0. -2.]\n [ 1.  1.  1. -4.  1.  1.  2.  4. -3. -1. -3.  2. -2.]\n [-2.  2. -3.  1.  1.  4.  4.  4. -3.  2.  2. -1. -2.]\n [-3.  4.  4.  1. -1.  2. -2.  0.  0.  4.  4. -4. -1.]\n [-3. -4. -2. -3. -2.  1.  2.  1.  1. -2. -4.  3.  1.]\n [ 0. -1.  0. -3.  4.  0.  2.  4. -1.  2. -4.  2. -3.]\n [ 0. -4. -4. -1. -4. -2. -1.  3. -1. -1.  0. -2. -1.]\n [-2.  3.  4.  0.  0. -2.  0. -1.  4.  1.  3.  0. -1.]\n [-4.  2.  0. -4.  2. -2.  2. -1.  0.  3.  0. -1.  2.]\n [-4. -1.  1.  3.  1. -2.  0. -3.  4.  2. -2. -3.  0.]\n [-4.  4.  1.  4. -3. -1.  2.  2. -2. -1.  2. -1.  2.]\n [ 3. -3.  2.  0.  2.  4. -4.  3. -1. -4.  4.  3. -3.]\n [ 0.  1.  0. -3.  0. -1. -1.  4. -4. -1.  1.  2.  3.]\n [ 4.  0.  0. -4.  3. -3. -3. -3.  1. -3.  2.  3. -4.]\n [-4. -3. -3. -1.  1.  4.  2.  2. -1. -4. -1. -3. -3.]\n [ 3.  4.  4.  3. -2. -1. -4.  3. -3.  2. -2. -4. -1.]\n [ 0.  4.  2. -4.  0.  4. -1.  3.  3.  3.  0. -1.  4.]\n [ 2. -1. -3. -1.  4. -3.  1. -4. -4. -3.  4.  3.  3.]\n [ 4.  0.  0.  3.  3.  2.  3. -3. -1.  2. -1.  3.  0.]\n [-4.  0. -3.  4.  2. -2.  3.  4.  4.  2.  1.  1.  0.]\n [ 4. -4. -3.  1. -1.  4.  4. -1.  4.  3. -4. -1.  4.]], d = [-18.   3. -13.  24.  51. -38.  11.  -2. -32.  37. -40. -21.  -9.  10.\n -15. -30.   3.   1.   1. -22.   6. -54.  24.  -4.  -8.   9.  11.   2.\n   4. -49.   3.  33.  15.  56.  25.  32.],\nE = [[-3.  1. -1. -2. -1. -1. -2.  1.  1.  3. -2. -4. -1.]\n [-1.  1. -2.  1. -3. -2. -2. -2.  3. -3.  3. -3.  3.]\n [-4. -2.  3. -4. -2.  2.  2.  2. -1.  0.  3.  4. -4.]\n [ 0.  0. -1.  0.  1.  4. -3.  1. -4.  1.  1. -4.  1.]\n [ 0.  3. -2.  1. -1.  2.  2.  3. -2.  1. -2.  1.  0.]\n [-3.  2.  0. -3.  4. -4. -3. -1. -1. -2.  4.  3.  3.]], f = [-42. -17. -17. -27.  11.   3.].\nWhat is the optimal objective value?",
    "answer": "3203.8540927766717"
  },
  {
    "question": "Find the minimum value of the quadratic program: minimize (1/2) y^T Q y + r^T y\nwhere Q = [[ 21.   6. -12.  22.]\n [  6.  45. -14. -11.]\n [-12. -14.  36. -30.]\n [ 22. -11. -30.  49.]] and r = [2. 1. 0. 0.],\nsubject to C y <= d and E y = f, where\nC = [[ 4.  2. -1. -4.]\n [ 4.  4.  0.  1.]\n [-2. -2.  4.  4.]\n [ 3. -1.  1. -1.]\n [-2. -3. -2. -2.]\n [ 1.  0.  2. -4.]\n [-1.  4. -1.  4.]\n [ 1.  0.  2. -3.]\n [ 3.  2.  4. -3.]\n [ 0. -2. -4. -2.]\n [ 3.  2.  4. -1.]\n [-1. -4.  0. -3.]\n [ 3. -4.  0. -2.]\n [ 0. -2. -3.  2.]\n [-1. -2.  1. -4.]\n [-4. -1.  3. -1.]\n [ 4. -1. -4. -3.]\n [-4. -4.  1. -1.]\n [ 0.  0.  3.  3.]\n [ 3.  4. -4.  0.]\n [ 2.  2.  4.  2.]\n [-3.  1.  2.  0.]\n [-3. -2.  2. -2.]\n [ 2. -3. -3.  1.]\n [-1.  2.  1.  2.]\n [-3. -1. -4. -2.]], d = [  6.  27.  10.  13. -16.  -2.  14.  -1.  12. -11.  16. -13.   5.   4.\n -13. -14.   4. -18.  16.  16.  23.  -5. -15.   7.   6. -20.],\nE = [[-3. -1. -1.  2.]\n [-2.  3. -4.  3.]], f = [-8.  0.].\nWhat is the optimal objective value?",
    "answer": "348.55621409399225"
  },
  {
    "question": "Consider the optimization problem: minimize (1/2) w^T H w + g^T w\nwith H = [[199.   3.  14.  -8.  -4.  60.   5.  63.  30. -23. -57. -38.  38. -22.\n   29. -47.   7.  21.  17.  86.  47. -53. -28. -39. -81.]\n [  3. 189.  64.  51.   9.  -1.  37.  -7.  27. -18.  11.  23. -17.  13.\n  130.   3. -24. -46. -27.  -6. -78. -36. -46. -13. -28.]\n [ 14.  64. 195.  90.   4.  15.  16.  13.  85. -29.  17.  16.   6. -22.\n   33.   4.  13. -68.  34. -19. -52.  14. -49.  29. -10.]\n [ -8.  51.  90. 187.  40. -21.  21. -12.  14.   4. -17. -18.  73.  61.\n   48.  45.  -6. -30.  65. -11. -52. -12. -69. -31.  45.]\n [ -4.   9.   4.  40. 158.  29.  31.   7.  40.  55.  10.  -5.  61. -19.\n   28.  36. -60.  52.  13.  46. -20.   4. -21. -28.  15.]\n [ 60.  -1.  15. -21.  29. 168. -11. -31.   0. -67. -28. -47.  45. -37.\n   12. -23.  -8. -52. -12.  38. -38. -52. -10.  17. -41.]\n [  5.  37.  16.  21.  31. -11. 125. -15.   7.  19.  35. -20. -23. -27.\n   12.   7. -19. -46.  16. -28. -17. -25.   4. -11. -11.]\n [ 63.  -7.  13. -12.   7. -31. -15. 167.  70. -19. -29.  37. -16.  39.\n  -17. -48. -27.  22. -21.  38.  42.  -5. -71.   0. -45.]\n [ 30.  27.  85.  14.  40.   0.   7.  70. 178. -21.   8.  15.  38. -81.\n   41. -35.  -3. -46.  -6. -11.   3. -32.  -7.  13. -20.]\n [-23. -18. -29.   4.  55. -67.  19. -19. -21. 181.  39.  44.  21.  23.\n   29.  17. -51.  61.  55.  28.  15. 100.   9. -33.  -4.]\n [-57.  11.  17. -17.  10. -28.  35. -29.   8.  39. 149.   6. -48. -70.\n  -22.   8. -38.  11. -15. -10.  16.  56.  15.  -2.  19.]\n [-38.  23.  16. -18.  -5. -47. -20.  37.  15.  44.   6. 200.  -1.  41.\n   57.  -7.  25.   2. -26.   7. -14.  33. -43.  30. -19.]\n [ 38. -17.   6.  73.  61.  45. -23. -16.  38.  21. -48.  -1. 183.  38.\n   44.   9.  -2.   7.  27.  51.  -7.  -3. -31. -53.  41.]\n [-22.  13. -22.  61. -19. -37. -27.  39. -81.  23. -70.  41.  38. 187.\n   14.   0. -12.   3.   9.  28. -18.  21. -63. -23.  39.]\n [ 29. 130.  33.  48.  28.  12.  12. -17.  41.  29. -22.  57.  44.  14.\n  200. -14.  13.   4.  16.  21. -67. -42. -31. -19. -13.]\n [-47.   3.   4.  45.  36. -23.   7. -48. -35.  17.   8.  -7.   9.   0.\n  -14. 145. -56.  41. -25. -51.   7. -18. -36.  46.  16.]\n [  7. -24.  13.  -6. -60.  -8. -19. -27.  -3. -51. -38.  25.  -2. -12.\n   13. -56. 182.  -3.  35.   2. -36.   0.  54.  19.  55.]\n [ 21. -46. -68. -30.  52. -52. -46.  22. -46.  61.  11.   2.   7.   3.\n    4.  41.  -3. 206.  12.  73.  69.  66.  -8. -25.  26.]\n [ 17. -27.  34.  65.  13. -12.  16. -21.  -6.  55. -15. -26.  27.   9.\n   16. -25.  35.  12. 129.  16.   4.  30.   1. -35.  20.]\n [ 86.  -6. -19. -11.  46.  38. -28.  38. -11.  28. -10.   7.  51.  28.\n   21. -51.   2.  73.  16. 142.  11.  35. -33. -61. -11.]\n [ 47. -78. -52. -52. -20. -38. -17.  42.   3.  15.  16. -14.  -7. -18.\n  -67.   7. -36.  69.   4.  11. 157.   0.  -4.  26. -24.]\n [-53. -36.  14. -12.   4. -52. -25.  -5. -32. 100.  56.  33.  -3.  21.\n  -42. -18.   0.  66.  30.  35.   0. 208.  21. -29.   6.]\n [-28. -46. -49. -69. -21. -10.   4. -71.  -7.   9.  15. -43. -31. -63.\n  -31. -36.  54.  -8.   1. -33.  -4.  21. 166. -15.  14.]\n [-39. -13.  29. -31. -28.  17. -11.   0.  13. -33.  -2.  30. -53. -23.\n  -19.  46.  19. -25. -35. -61.  26. -29. -15. 144. -31.]\n [-81. -28. -10.  45.  15. -41. -11. -45. -20.  -4.  19. -19.  41.  39.\n  -13.  16.  55.  26.  20. -11. -24.   6.  14. -31. 146.]] and g = [ 1. -4.  0. -3.  3. -3.  1.  4.  1.  3.  0. -1. -4. -1. -2. -4. -4. -3.\n -3.  1.  4.  2.  4.  0. -4.],\nunder the constraints F w <= e and D w = c, where\nF = [[-1. -2.  1.  3. -2.  4. -2. -2.  4.  2.  1. -3.  2. -4. -3. -2. -4. -2.\n   4. -1. -2.  4.  4.  2.  1.]\n [ 3. -1. -3. -3. -1.  2. -4.  4. -1. -2. -1.  2. -2.  1.  4.  0.  1.  3.\n   3. -2.  3.  2.  4. -4. -1.]], e = [11.  9.],\nD = [[-2.  3.  4.  3. -3. -3. -2.  1.  4. -4. -1. -1.  3. -4. -2.  1.  4. -2.\n  -4.  3.  1.  0.  1.  0. -2.]\n [ 2.  0. -1. -2.  1. -2. -1.  4.  4.  2.  0.  1.  0.  2.  2. -4.  3.  1.\n   3. -3. -3.  2. -2.  4.  1.]\n [-3.  1.  0.  2. -2. -3.  4. -1. -4. -4.  3. -1. -2. -1. -4.  0.  2. -2.\n   0. -2.  0.  4. -4. -3. -4.]\n [-4. -3.  2. -3. -1. -2.  4. -4.  4.  2. -1.  0.  3. -4.  3. -1.  3. -2.\n   3. -1. -2.  2.  2. -2. -4.]\n [-3.  4. -1.  3.  0. -4.  2.  4.  1.  2. -4.  4. -3. -2.  2.  1.  4. -4.\n   1.  0.  4.  4. -3. -4.  4.]\n [ 3. -4. -4.  0. -1.  4. -2.  4.  3.  0. -1. -4. -1. -2.  3. -3.  1.  0.\n  -3. -4.  2.  4. -1. -3. -4.]\n [ 2.  3. -2.  1.  1. -4. -4.  3. -1.  2.  1. -4. -2.  4.  2. -1.  3.  3.\n  -3. -1. -1. -3. -2.  3. -1.]\n [ 2.  2.  3. -2. -1.  4. -2.  2. -1.  4. -4.  2.  3. -4.  2. -1. -4.  3.\n  -3.  4.  0. -2.  2.  2.  1.]\n [ 0. -2.  2. -1. -2. -1. -3.  3.  1. -1.  0.  3.  0. -2.  0. -1.  4. -4.\n  -3. -4.  1.  4. -4.  4. -4.]\n [-3.  4. -1. -1. -1. -4. -4. -4. -1.  3.  2.  1.  2. -4. -4.  4.  4.  3.\n   3.  0.  4. -1.  1.  0. -3.]\n [ 1. -3.  1.  3. -3.  3. -4.  0.  4. -1.  2. -1.  4. -3.  4.  1.  0.  4.\n   2. -2.  3. -2.  3. -4. -3.]\n [-3.  2. -2.  2.  4.  4.  4. -1. -1. -2.  1. -3.  1. -4. -2. -3.  0.  3.\n   1.  4.  3.  3.  3.  0. -1.]], c = [-18.  51. -49.  17.  33. -28. -11.  13. -31.  15.  16.  29.].\nWhat is the minimum value achieved?",
    "answer": "5969.154984888935"
  }
]