[
  {
    "question": "Consider the semidefinite program over a symmetric 10x10 matrix X:\nMinimize <C, X> subject to <A_i, X> = b_i for i=1..7, trace(X) = 220.0, and X is positive semidefinite (X \u2ab0 0).C = [[-4, -3.5, 1, 0, 0.5, -1.5, -1, -1, -2.5, -2.5], [-3.5, -4, 4, 0, 3, -3, -0.5, -3, 1, -2.5], [1, 4, -4, -1.5, -2, -2.5, -1, -2, -0.5, 3.5], [0, 0, -1.5, 2, 0, 1, 3, 0, 1, 0], [0.5, 3, -2, 0, -3, 2, 2, 3.5, -0.5, 3], [-1.5, -3, -2.5, 1, 2, -1, 0.5, 1.5, 1.5, -1.5], [-1, -0.5, -1, 3, 2, 0.5, 0, 2, -1, 3.5], [-1, -3, -2, 0, 3.5, 1.5, 2, 3, -4, 0], [-2.5, 1, -0.5, 1, -0.5, 1.5, -1, -4, -2, 1], [-2.5, -2.5, 3.5, 0, 3, -1.5, 3.5, 0, 1, 4]]\nA_1 = [[4, 1, -3.5, -2, 2, 0.5, 1.5, -1, -0.5, -1.5], [1, -1, -1.5, 0.5, 1.5, -3.5, 4, -0.5, -2.5, -3.5], [-3.5, -1.5, -2, 1, 0.5, -2.5, 3, -1.5, 4, -0.5], [-2, 0.5, 1, 0, 0, 2, -1.5, 1.5, -3.5, -0.5], [2, 1.5, 0.5, 0, 0, 1.5, 0, -0.5, 0.5, -0.5], [0.5, -3.5, -2.5, 2, 1.5, -4, 0.5, 1, -3, -2], [1.5, 4, 3, -1.5, 0, 0.5, 1, -2.5, 3, -2.5], [-1, -0.5, -1.5, 1.5, -0.5, 1, -2.5, -2, -2, -2.5], [-0.5, -2.5, 4, -3.5, 0.5, -3, 3, -2, 1, 2], [-1.5, -3.5, -0.5, -0.5, -0.5, -2, -2.5, -2.5, 2, -2]]\nA_2 = [[-4, 2.5, -2, -0.5, -2, -2.5, 1, 1.5, -3.5, -4], [2.5, -1, 0, 0, -0.5, 2, 1.5, 0.5, 3, -2.5], [-2, 0, 2, 0.5, 0, -1.5, 2.5, 4, -3, -2.5], [-0.5, 0, 0.5, -2, -1, 0.5, 0, -0.5, -1.5, 2.5], [-2, -0.5, 0, -1, 4, 1, 2.5, 1.5, 0.5, 2.5], [-2.5, 2, -1.5, 0.5, 1, 0, -2, 3, -1, 1.5], [1, 1.5, 2.5, 0, 2.5, -2, -2, 0, 3, 0.5], [1.5, 0.5, 4, -0.5, 1.5, 3, 0, 4, -2.5, 0], [-3.5, 3, -3, -1.5, 0.5, -1, 3, -2.5, -1, -1.5], [-4, -2.5, -2.5, 2.5, 2.5, 1.5, 0.5, 0, -1.5, -3]]\nA_3 = [[-2, 2, -1, 1, -2.5, -1.5, -3.5, 0, 0, 0.5], [2, 4, -0.5, -1.5, 0.5, -2, 3.5, 0.5, 0.5, -0.5], [-1, -0.5, -4, 1, 1.5, 0.5, 1, 1, -0.5, -1.5], [1, -1.5, 1, 1, -1, -3, -1.5, -2, -3, 0.5], [-2.5, 0.5, 1.5, -1, 0, 0, 0.5, -0.5, 1, 0.5], [-1.5, -2, 0.5, -3, 0, -1, -2, 2.5, 1, -0.5], [-3.5, 3.5, 1, -1.5, 0.5, -2, 1, 1, 0, 2], [0, 0.5, 1, -2, -0.5, 2.5, 1, 1, 1.5, 2], [0, 0.5, -0.5, -3, 1, 1, 0, 1.5, 0, 3], [0.5, -0.5, -1.5, 0.5, 0.5, -0.5, 2, 2, 3, -2]]\nA_4 = [[-3, 0.5, -2.5, 0, 1, -0.5, 3.5, 3.5, -1, -1], [0.5, 2, -1.5, 0, -3.5, -2, 0, 2, 2.5, 1.5], [-2.5, -1.5, 3, 0, -1.5, -2, -3, 0.5, -2, 0], [0, 0, 0, -1, -1, 2, -1.5, -2.5, 0, -1], [1, -3.5, -1.5, -1, 4, -0.5, 0, 3, 2, -3.5], [-0.5, -2, -2, 2, -0.5, -2, -1.5, 1.5, -1, 3.5], [3.5, 0, -3, -1.5, 0, -1.5, -2, -0.5, -2, -0.5], [3.5, 2, 0.5, -2.5, 3, 1.5, -0.5, 3, -1.5, 0], [-1, 2.5, -2, 0, 2, -1, -2, -1.5, -2, -0.5], [-1, 1.5, 0, -1, -3.5, 3.5, -0.5, 0, -0.5, -4]]\nA_5 = [[-3, 0, 3, -0.5, -2, -2, 2.5, -1, 1, 1.5], [0, 2, 3, -2.5, -0.5, 1.5, 0.5, -1, -1.5, -0.5], [3, 3, 1, -3, -1.5, -3, 3, 1, 2, 4], [-0.5, -2.5, -3, 1, -2, -2.5, -2, -0.5, 1, -1.5], [-2, -0.5, -1.5, -2, -4, -1, 1.5, 0, -1.5, -0.5], [-2, 1.5, -3, -2.5, -1, 3, -0.5, 3, 1.5, -2], [2.5, 0.5, 3, -2, 1.5, -0.5, -4, 3, 0, -1], [-1, -1, 1, -0.5, 0, 3, 3, 2, -0.5, 1], [1, -1.5, 2, 1, -1.5, 1.5, 0, -0.5, 2, -3], [1.5, -0.5, 4, -1.5, -0.5, -2, -1, 1, -3, -2]]\nA_6 = [[-2, 2, 2, 1.5, -1.5, 4, 3, 2.5, -2.5, 1.5], [2, -4, -1, -2.5, 0, 2, -2.5, -2.5, -1.5, -2.5], [2, -1, 2, 2.5, -0.5, -2.5, 0.5, -1.5, 2, 0], [1.5, -2.5, 2.5, -1, -0.5, 0.5, 0, 0.5, -2.5, -2.5], [-1.5, 0, -0.5, -0.5, 3, 1.5, 3.5, 0.5, -1, 1], [4, 2, -2.5, 0.5, 1.5, -3, 2.5, 0.5, 2, 1.5], [3, -2.5, 0.5, 0, 3.5, 2.5, 2, -2.5, -1.5, 2.5], [2.5, -2.5, -1.5, 0.5, 0.5, 0.5, -2.5, 1, 2.5, 0.5], [-2.5, -1.5, 2, -2.5, -1, 2, -1.5, 2.5, 1, -0.5], [1.5, -2.5, 0, -2.5, 1, 1.5, 2.5, 0.5, -0.5, 0]]\nA_7 = [[3, 1.5, 4, -1.5, -3, 3, 1, -2, 3.5, -0.5], [1.5, -3, 0, -2, 0.5, -2, 2, -2.5, -2.5, 0], [4, 0, -3, -2.5, 2, 0.5, -1, -1, 3.5, -2.5], [-1.5, -2, -2.5, 2, 1, -1, 1.5, 2.5, -0.5, -2.5], [-3, 0.5, 2, 1, 4, 1.5, -3, 0, -1, 1.5], [3, -2, 0.5, -1, 1.5, 1, 0, -3.5, 3.5, -1], [1, 2, -1, 1.5, -3, 0, 2, -1.5, 0.5, -2], [-2, -2.5, -1, 2.5, 0, -3.5, -1.5, 3, 2, -0.5], [3.5, -2.5, 3.5, -0.5, -1, 3.5, 0.5, 2, -4, 0.5], [-0.5, 0, -2.5, -2.5, 1.5, -1, -2, -0.5, 0.5, -4]]\nb_1 = -224.0, b_2 = 270.0, b_3 = -64.0, b_4 = 280.0, b_5 = -239.0, b_6 = -88.0, b_7 = -280.0\n\nWhat is the minimum value of <C, X> (rounded to 3 decimals)?",
    "answer": "-2303.5105241896586"
  },
  {
    "question": "Consider the semidefinite program over a symmetric 10x10 matrix X:\nMinimize <C, X> subject to <A_i, X> = b_i for i=1..7, trace(X) = 193.0, and X is positive semidefinite (X \u2ab0 0).C = [[-1, 2, -2, -2, 3, 1, 2, 3.5, -1, 0.5], [2, 4, -1.5, -0.5, -0.5, -2.5, 0.5, 1, -1, -1], [-2, -1.5, 4, -1.5, -1, 2, 3.5, -0.5, 2.5, -0.5], [-2, -0.5, -1.5, 2, 1.5, 1, 0.5, 0, 0, 3], [3, -0.5, -1, 1.5, -3, 1.5, 2.5, -3, -0.5, 1], [1, -2.5, 2, 1, 1.5, 1, -3, -2, 2, -0.5], [2, 0.5, 3.5, 0.5, 2.5, -3, 2, -2.5, -1.5, -1.5], [3.5, 1, -0.5, 0, -3, -2, -2.5, -3, 0, 0], [-1, -1, 2.5, 0, -0.5, 2, -1.5, 0, -1, -0.5], [0.5, -1, -0.5, 3, 1, -0.5, -1.5, 0, -0.5, -3]]\nA_1 = [[-1, 3.5, -2, -2.5, -1.5, -2.5, 0, 0, 2.5, 2.5], [3.5, 2, 0.5, 2.5, -0.5, -2.5, -2, -0.5, 0.5, -1], [-2, 0.5, -1, 0, 4, 0, 0, 0.5, 3.5, -0.5], [-2.5, 2.5, 0, 2, -0.5, 1.5, -0.5, 2, 2, -1], [-1.5, -0.5, 4, -0.5, -1, 0.5, 0, 0, -0.5, 1], [-2.5, -2.5, 0, 1.5, 0.5, 2, -0.5, 0.5, 0.5, 2.5], [0, -2, 0, -0.5, 0, -0.5, 0, -1.5, 2, 0.5], [0, -0.5, 0.5, 2, 0, 0.5, -1.5, -1, 0, -1], [2.5, 0.5, 3.5, 2, -0.5, 0.5, 2, 0, -3, 3], [2.5, -1, -0.5, -1, 1, 2.5, 0.5, -1, 3, 3]]\nA_2 = [[-1, 0, -2.5, -1, 1, -0.5, -1.5, -1, -1.5, 1], [0, -1, 1.5, -1, 0, -2.5, -0.5, -0.5, 3, 0.5], [-2.5, 1.5, 2, -1.5, 2.5, 2, 1.5, 0.5, -1.5, -1.5], [-1, -1, -1.5, 2, 3.5, 0, 1, 0, 1, -0.5], [1, 0, 2.5, 3.5, 0, -0.5, 1, 1.5, 1, -4], [-0.5, -2.5, 2, 0, -0.5, 0, 1, -2, 2.5, -1], [-1.5, -0.5, 1.5, 1, 1, 1, -3, -1.5, 0, 0.5], [-1, -0.5, 0.5, 0, 1.5, -2, -1.5, -1, -2, 0], [-1.5, 3, -1.5, 1, 1, 2.5, 0, -2, -1, 2], [1, 0.5, -1.5, -0.5, -4, -1, 0.5, 0, 2, -4]]\nA_3 = [[0, 1, 0, -0.5, -1.5, 0, 1, -1.5, -1, 0.5], [1, 3, -1, 1, -1.5, 1, -2, 1, -0.5, -0.5], [0, -1, -3, -1, 3, 0.5, -1.5, 1, -0.5, -1], [-0.5, 1, -1, 1, 1, -3, 3.5, -2.5, -2.5, 1.5], [-1.5, -1.5, 3, 1, 4, -2, -0.5, -1.5, -2, 1], [0, 1, 0.5, -3, -2, -1, 0.5, -2, 1, 3.5], [1, -2, -1.5, 3.5, -0.5, 0.5, 1, -1, 0, 0], [-1.5, 1, 1, -2.5, -1.5, -2, -1, 3, 0, 2.5], [-1, -0.5, -0.5, -2.5, -2, 1, 0, 0, 1, 0], [0.5, -0.5, -1, 1.5, 1, 3.5, 0, 2.5, 0, -3]]\nA_4 = [[2, -3, -2.5, 2, 0.5, 0.5, -2.5, 3.5, -0.5, 3.5], [-3, 3, 1.5, 1, -1.5, -0.5, 2, 2, -0.5, 1], [-2.5, 1.5, 0, -2, -1, 2.5, 0, -0.5, 1.5, -1.5], [2, 1, -2, 2, -0.5, -0.5, -1.5, 1.5, 2.5, 2], [0.5, -1.5, -1, -0.5, 1, -0.5, -0.5, 2.5, -1.5, -1.5], [0.5, -0.5, 2.5, -0.5, -0.5, 4, 2, 4, 0.5, 2], [-2.5, 2, 0, -1.5, -0.5, 2, 1, 0, -0.5, 0], [3.5, 2, -0.5, 1.5, 2.5, 4, 0, 2, 1.5, 2.5], [-0.5, -0.5, 1.5, 2.5, -1.5, 0.5, -0.5, 1.5, -3, 0], [3.5, 1, -1.5, 2, -1.5, 2, 0, 2.5, 0, -3]]\nA_5 = [[-4, -0.5, 0.5, 0.5, -2, 1, -0.5, 1, -2, 0], [-0.5, 4, 3, -2, -1, -1.5, -1.5, -2.5, 0.5, 0], [0.5, 3, 2, 3.5, 1.5, -0.5, 1, 2, -2.5, -0.5], [0.5, -2, 3.5, -1, 0, 0.5, -0.5, 1, -0.5, 3.5], [-2, -1, 1.5, 0, 2, 1, -0.5, 0.5, -0.5, 2], [1, -1.5, -0.5, 0.5, 1, 3, 0.5, -4, 1, 0], [-0.5, -1.5, 1, -0.5, -0.5, 0.5, -1, 0, -0.5, -2], [1, -2.5, 2, 1, 0.5, -4, 0, -3, -2, -3], [-2, 0.5, -2.5, -0.5, -0.5, 1, -0.5, -2, 4, 1], [0, 0, -0.5, 3.5, 2, 0, -2, -3, 1, -3]]\nA_6 = [[1, -2.5, -2.5, 3, -1.5, 2, 1.5, -1, -0.5, 0.5], [-2.5, -1, 1, -0.5, -1, -3, 2, 3, 0, 4], [-2.5, 1, -2, 0, -3, 1.5, 0, 0, -1, -1], [3, -0.5, 0, 1, 2, -2.5, 1, 2.5, -1.5, -1], [-1.5, -1, -3, 2, 2, 2, -1, -1, 1, -0.5], [2, -3, 1.5, -2.5, 2, -3, 0.5, 0.5, 2, -3.5], [1.5, 2, 0, 1, -1, 0.5, 0, 0.5, 0, -1], [-1, 3, 0, 2.5, -1, 0.5, 0.5, -3, 3.5, 3], [-0.5, 0, -1, -1.5, 1, 2, 0, 3.5, 1, 0.5], [0.5, 4, -1, -1, -0.5, -3.5, -1, 3, 0.5, -4]]\nA_7 = [[3, -3, 3, 3.5, -0.5, 2.5, 0.5, -1.5, 0.5, -3], [-3, -3, 3, -1, 2.5, 1.5, -1, -0.5, -2, 2], [3, 3, -4, -1.5, -0.5, 1, -1.5, 1, -0.5, -0.5], [3.5, -1, -1.5, 3, 0, 1, 0.5, -1, 2, 0], [-0.5, 2.5, -0.5, 0, 1, 0.5, -0.5, -0.5, 0, -0.5], [2.5, 1.5, 1, 1, 0.5, -4, 2.5, 0.5, -2.5, -2], [0.5, -1, -1.5, 0.5, -0.5, 2.5, -4, -0.5, -1, -2], [-1.5, -0.5, 1, -1, -0.5, 0.5, -0.5, 0, 0.5, -3], [0.5, -2, -0.5, 2, 0, -2.5, -1, 0.5, 4, -3], [-3, 2, -0.5, 0, -0.5, -2, -2, -3, -3, 0]]\nb_1 = -52.0, b_2 = 18.0, b_3 = 31.0, b_4 = 326.0, b_5 = -52.0, b_6 = 7.0, b_7 = -256.0\n\nWhat is the minimum value of <C, X> (rounded to 3 decimals)?",
    "answer": "-1415.8861391526639"
  },
  {
    "question": "Consider the semidefinite program over a symmetric 10x10 matrix X:\nMinimize <C, X> subject to <A_i, X> = b_i for i=1..7, trace(X) = 186.0, and X is positive semidefinite (X \u2ab0 0).C = [[-3, 0.5, -1.5, -1, -0.5, -3, 0.5, -0.5, -0.5, -3.5], [0.5, -4, -1.5, 2, 1, 3.5, 3.5, -3.5, -2.5, 2.5], [-1.5, -1.5, -1, 1.5, 1, 2, 1, -3, -4, -1], [-1, 2, 1.5, -3, 1, 1.5, 2.5, -2, 0, 0], [-0.5, 1, 1, 1, 1, -1, 0.5, 1, -3, 1], [-3, 3.5, 2, 1.5, -1, 4, -1, 1.5, -1.5, 0.5], [0.5, 3.5, 1, 2.5, 0.5, -1, 1, -4, 1, -1], [-0.5, -3.5, -3, -2, 1, 1.5, -4, -2, -0.5, 0.5], [-0.5, -2.5, -4, 0, -3, -1.5, 1, -0.5, 2, -1], [-3.5, 2.5, -1, 0, 1, 0.5, -1, 0.5, -1, -1]]\nA_1 = [[-4, 1, 0.5, 2.5, -0.5, 2, -0.5, 3.5, 2, 0], [1, 4, -1.5, 2, 1.5, -1.5, 0.5, 2, -1, -1], [0.5, -1.5, 0, 0.5, 2.5, 0, 1, -1.5, 0.5, -1], [2.5, 2, 0.5, 1, 1, 1, 1, 2.5, -2, -0.5], [-0.5, 1.5, 2.5, 1, -2, -1.5, -2.5, 0.5, 2.5, -0.5], [2, -1.5, 0, 1, -1.5, 0, 2, -0.5, -2.5, -3.5], [-0.5, 0.5, 1, 1, -2.5, 2, 2, 0, -0.5, -3], [3.5, 2, -1.5, 2.5, 0.5, -0.5, 0, -1, 1.5, 2.5], [2, -1, 0.5, -2, 2.5, -2.5, -0.5, 1.5, 2, 3], [0, -1, -1, -0.5, -0.5, -3.5, -3, 2.5, 3, -2]]\nA_2 = [[2, -0.5, -0.5, 0, -3, 3, 1, 3.5, -1, -4], [-0.5, 3, 1, 2, 0.5, 3.5, 1, 2, -1.5, -1.5], [-0.5, 1, 2, -0.5, -0.5, 2, -1.5, -1, 1, 1], [0, 2, -0.5, 1, -0.5, -1.5, 2, -1, -0.5, 3.5], [-3, 0.5, -0.5, -0.5, 2, -3, 0.5, 2.5, -1, -1], [3, 3.5, 2, -1.5, -3, 4, 2.5, -1.5, -1.5, 1], [1, 1, -1.5, 2, 0.5, 2.5, 0, 1.5, -0.5, -3], [3.5, 2, -1, -1, 2.5, -1.5, 1.5, -4, -0.5, -2], [-1, -1.5, 1, -0.5, -1, -1.5, -0.5, -0.5, 0, -2], [-4, -1.5, 1, 3.5, -1, 1, -3, -2, -2, -2]]\nA_3 = [[-2, 0.5, -1, -2, 1, 1, -2, 0, 1, 1.5], [0.5, 3, -0.5, 2, 2, 1.5, 3, 1, 0.5, 4], [-1, -0.5, 3, -2.5, 0, -2, 1.5, 0, 1.5, 0], [-2, 2, -2.5, -3, 1.5, 2.5, -1.5, 3.5, -0.5, 0.5], [1, 2, 0, 1.5, -3, 0, -2, -1, 3, -2], [1, 1.5, -2, 2.5, 0, 4, 3, 0, 0.5, -4], [-2, 3, 1.5, -1.5, -2, 3, -4, 1, 2.5, -0.5], [0, 1, 0, 3.5, -1, 0, 1, -4, 2, 0], [1, 0.5, 1.5, -0.5, 3, 0.5, 2.5, 2, 3, 2], [1.5, 4, 0, 0.5, -2, -4, -0.5, 0, 2, 3]]\nA_4 = [[-4, -1, -0.5, 1, -0.5, -1, -1, 1.5, -4, 1], [-1, -3, 0.5, -1.5, -2, -2.5, 0.5, -1, -0.5, -2], [-0.5, 0.5, 2, 2, 1, -0.5, 1.5, 0.5, -1.5, 1.5], [1, -1.5, 2, 1, -1.5, -4, 0, -1, 0.5, -2.5], [-0.5, -2, 1, -1.5, 3, 2, 3.5, -1, -0.5, -1.5], [-1, -2.5, -0.5, -4, 2, 3, -2, -1, 2, 0.5], [-1, 0.5, 1.5, 0, 3.5, -2, -1, 0, 2.5, 3], [1.5, -1, 0.5, -1, -1, -1, 0, -4, 2, 3], [-4, -0.5, -1.5, 0.5, -0.5, 2, 2.5, 2, 1, -3.5], [1, -2, 1.5, -2.5, -1.5, 0.5, 3, 3, -3.5, -3]]\nA_5 = [[4, -1.5, -1.5, -1.5, -2, -3.5, 1, -1, 0, -1], [-1.5, 1, 0.5, 1, -4, 0, -0.5, -1, -3, -0.5], [-1.5, 0.5, 4, 3.5, 1, 0.5, 0, 0, 0, 0], [-1.5, 1, 3.5, -2, 1.5, -1, 0.5, 2, 1, 1], [-2, -4, 1, 1.5, -1, -1, -2.5, -3.5, -2, 2], [-3.5, 0, 0.5, -1, -1, 1, 2, -1.5, 0.5, 2], [1, -0.5, 0, 0.5, -2.5, 2, -1, -1.5, 1, -3.5], [-1, -1, 0, 2, -3.5, -1.5, -1.5, -4, 1, 0.5], [0, -3, 0, 1, -2, 0.5, 1, 1, 0, -2], [-1, -0.5, 0, 1, 2, 2, -3.5, 0.5, -2, -4]]\nA_6 = [[-2, 2, 1, -2, -1, -0.5, 0, 3.5, -0.5, -3.5], [2, -4, 0.5, -2, -3, 4, 3, -0.5, 0.5, 1], [1, 0.5, -3, 1.5, -0.5, -1, -1, 0, -4, 1.5], [-2, -2, 1.5, 0, -1.5, -4, -2, 1, 3, 1], [-1, -3, -0.5, -1.5, 4, -0.5, 0.5, 0, -4, 1.5], [-0.5, 4, -1, -4, -0.5, 3, 1, 2, -3, 0], [0, 3, -1, -2, 0.5, 1, -1, 3, 0, -1], [3.5, -0.5, 0, 1, 0, 2, 3, -3, 2.5, -1.5], [-0.5, 0.5, -4, 3, -4, -3, 0, 2.5, -2, 1], [-3.5, 1, 1.5, 1, 1.5, 0, -1, -1.5, 1, 2]]\nA_7 = [[0, -2.5, -4, -0.5, -3, 2.5, 2.5, 0, -1, 2], [-2.5, 2, 0, 0, -1, 0.5, 0.5, 0.5, -1, -3], [-4, 0, -4, -1, 3.5, 0.5, 1.5, 2, -1, 0.5], [-0.5, 0, -1, 2, -2, 1.5, 1, 0.5, 3, 2.5], [-3, -1, 3.5, -2, 3, 0, -1.5, 0.5, 1, 2.5], [2.5, 0.5, 0.5, 1.5, 0, 4, -3.5, 1.5, -2.5, 0], [2.5, 0.5, 1.5, 1, -1.5, -3.5, 2, -0.5, -3, -2], [0, 0.5, 2, 0.5, 0.5, 1.5, -0.5, 3, -3.5, 1.5], [-1, -1, -1, 3, 1, -2.5, -3, -3.5, 1, 0], [2, -3, 0.5, 2.5, 2.5, 0, -2, 1.5, 0, 2]]\nb_1 = -188.0, b_2 = 90.0, b_3 = 176.0, b_4 = -68.0, b_5 = 187.0, b_6 = 53.0, b_7 = 408.0\n\nWhat is the minimum value of <C, X> (rounded to 3 decimals)?",
    "answer": "-1442.0209722727782"
  },
  {
    "question": "Consider the semidefinite program over a symmetric 10x10 matrix X:\nMinimize <C, X> subject to <A_i, X> = b_i for i=1..7, trace(X) = 178.0, and X is positive semidefinite (X \u2ab0 0).C = [[1, -3.5, -0.5, 0.5, 3.5, 4, -2.5, 0, 0, 4], [-3.5, 3, 1.5, -2.5, 3.5, 1, -0.5, 0.5, 1.5, 2], [-0.5, 1.5, -4, -3.5, 3, 2.5, 0.5, 0, 0.5, 1], [0.5, -2.5, -3.5, -4, 2, -1.5, 0, 0, 2, -1.5], [3.5, 3.5, 3, 2, -4, 0, 3, 4, 3.5, 2], [4, 1, 2.5, -1.5, 0, -3, 0, -1, -1.5, 1.5], [-2.5, -0.5, 0.5, 0, 3, 0, 1, -0.5, 0, 1], [0, 0.5, 0, 0, 4, -1, -0.5, 3, 1, -1.5], [0, 1.5, 0.5, 2, 3.5, -1.5, 0, 1, 4, -1], [4, 2, 1, -1.5, 2, 1.5, 1, -1.5, -1, 1]]\nA_1 = [[4, 0, 0, 1, 1.5, -0.5, -2.5, -1, -3, -2.5], [0, -3, 1.5, -0.5, 1, 0.5, -1.5, 0.5, 2.5, -0.5], [0, 1.5, 0, 0, 3, 0.5, 2, -1.5, -1.5, 0.5], [1, -0.5, 0, -1, 1, 0, 3, 0.5, 0.5, -3.5], [1.5, 1, 3, 1, 2, 0.5, 2.5, 1.5, 1.5, 0], [-0.5, 0.5, 0.5, 0, 0.5, 0, 1, 2.5, 0, -1], [-2.5, -1.5, 2, 3, 2.5, 1, -1, 3, -2, -0.5], [-1, 0.5, -1.5, 0.5, 1.5, 2.5, 3, -2, 0.5, 0], [-3, 2.5, -1.5, 0.5, 1.5, 0, -2, 0.5, 3, 2.5], [-2.5, -0.5, 0.5, -3.5, 0, -1, -0.5, 0, 2.5, -2]]\nA_2 = [[-2, -1.5, 0, -1.5, 0.5, -3.5, -1, -0.5, 1, 0.5], [-1.5, -3, -1, 3, 0, -2, -0.5, -2, 1, 1], [0, -1, -1, 0, -1.5, -1, -1, 3.5, -1, -0.5], [-1.5, 3, 0, -3, -3, 0.5, -2, 0.5, 1.5, 1.5], [0.5, 0, -1.5, -3, -1, 1, 1.5, 3.5, 0, -1], [-3.5, -2, -1, 0.5, 1, 4, -1, 1, -2.5, 4], [-1, -0.5, -1, -2, 1.5, -1, -4, -1.5, -0.5, 3], [-0.5, -2, 3.5, 0.5, 3.5, 1, -1.5, -3, 4, -1.5], [1, 1, -1, 1.5, 0, -2.5, -0.5, 4, -4, -1.5], [0.5, 1, -0.5, 1.5, -1, 4, 3, -1.5, -1.5, 0]]\nA_3 = [[2, -3.5, -1, 3.5, 2.5, 3, 0.5, 0, -1, 2], [-3.5, -1, -0.5, 0.5, 3.5, -0.5, -1, 0, -0.5, 0.5], [-1, -0.5, 0, -1.5, -1, 2.5, 0.5, -1, 3, -1], [3.5, 0.5, -1.5, 3, 0.5, 0.5, 0.5, 0.5, 0, 2], [2.5, 3.5, -1, 0.5, 1, 1.5, 2, -1, 2.5, 3.5], [3, -0.5, 2.5, 0.5, 1.5, 2, -1.5, -2.5, 0, 2.5], [0.5, -1, 0.5, 0.5, 2, -1.5, -1, 0.5, -0.5, -3], [0, 0, -1, 0.5, -1, -2.5, 0.5, 2, -1.5, -0.5], [-1, -0.5, 3, 0, 2.5, 0, -0.5, -1.5, 0, 1], [2, 0.5, -1, 2, 3.5, 2.5, -3, -0.5, 1, -2]]\nA_4 = [[-1, -1, -0.5, -0.5, -0.5, -0.5, 1, 0, 0, -1], [-1, 3, -3, -1, -0.5, -1.5, 0, 1, -2, 2.5], [-0.5, -3, 4, -2.5, 0, 0, 0.5, 0.5, 3.5, -1], [-0.5, -1, -2.5, 4, -2.5, -1.5, 0, 0, 0.5, -1.5], [-0.5, -0.5, 0, -2.5, 0, 0.5, 1.5, 0, 0.5, 1.5], [-0.5, -1.5, 0, -1.5, 0.5, 4, 0, -1, 1.5, -0.5], [1, 0, 0.5, 0, 1.5, 0, 2, 1.5, 1.5, -0.5], [0, 1, 0.5, 0, 0, -1, 1.5, -4, 1, 1.5], [0, -2, 3.5, 0.5, 0.5, 1.5, 1.5, 1, 3, -1], [-1, 2.5, -1, -1.5, 1.5, -0.5, -0.5, 1.5, -1, 2]]\nA_5 = [[1, -2, -2.5, 3.5, 2.5, -0.5, 1, -0.5, 0, 2], [-2, 3, -2.5, -1, 2, -3, 2.5, -1.5, -1.5, 3.5], [-2.5, -2.5, 4, -1, 0, -0.5, -2, 1.5, 2.5, -1.5], [3.5, -1, -1, 2, 1.5, 1, -0.5, -0.5, -2.5, 0], [2.5, 2, 0, 1.5, 4, 1.5, 1, -3.5, 1.5, 0.5], [-0.5, -3, -0.5, 1, 1.5, 3, -2, 1.5, 0, 0.5], [1, 2.5, -2, -0.5, 1, -2, 4, -1.5, -3, 0], [-0.5, -1.5, 1.5, -0.5, -3.5, 1.5, -1.5, -3, 0, 1], [0, -1.5, 2.5, -2.5, 1.5, 0, -3, 0, -2, -1], [2, 3.5, -1.5, 0, 0.5, 0.5, 0, 1, -1, -1]]\nA_6 = [[-3, 0.5, 0, 1, -1.5, 2, -1.5, -0.5, 1, 3], [0.5, -2, 3, 1.5, -3, -0.5, 3, 3.5, 0.5, 3], [0, 3, 4, 0.5, 4, 1, -2, 2, -3.5, -1], [1, 1.5, 0.5, 1, 0.5, -0.5, 0, 0.5, 0, -2.5], [-1.5, -3, 4, 0.5, -2, 2, 1, -0.5, 3, 4], [2, -0.5, 1, -0.5, 2, 0, -1, 0.5, 0.5, 3.5], [-1.5, 3, -2, 0, 1, -1, 3, -1, 3, 3.5], [-0.5, 3.5, 2, 0.5, -0.5, 0.5, -1, -3, 0, 1.5], [1, 0.5, -3.5, 0, 3, 0.5, 3, 0, 0, -1.5], [3, 3, -1, -2.5, 4, 3.5, 3.5, 1.5, -1.5, 4]]\nA_7 = [[0, 0.5, 0, 1.5, 0, 0, -1.5, 0.5, -2.5, -1.5], [0.5, -1, -1.5, -3, -1, 2, 3.5, 3.5, 0.5, 1], [0, -1.5, 4, -3, -3.5, -2, -2.5, -0.5, -1.5, 2.5], [1.5, -3, -3, 0, 0, -1.5, -2.5, -0.5, -1.5, -2], [0, -1, -3.5, 0, 4, 0.5, -4, 3, -1.5, 3], [0, 2, -2, -1.5, 0.5, 3, 2, 1.5, 0.5, -1], [-1.5, 3.5, -2.5, -2.5, -4, 2, 3, -1.5, -3.5, -1.5], [0.5, 3.5, -0.5, -0.5, 3, 1.5, -1.5, 2, 4, -2], [-2.5, 0.5, -1.5, -1.5, -1.5, 0.5, -3.5, 4, -1, 0], [-1.5, 1, 2.5, -2, 3, -1, -1.5, -2, 0, 2]]\nb_1 = 74.0, b_2 = -501.0, b_3 = 223.0, b_4 = 182.0, b_5 = 270.0, b_6 = 158.0, b_7 = 214.0\n\nWhat is the minimum value of <C, X> (rounded to 3 decimals)?",
    "answer": "-1653.4180262046452"
  },
  {
    "question": "Consider the semidefinite program over a symmetric 10x10 matrix X:\nMinimize <C, X> subject to <A_i, X> = b_i for i=1..7, trace(X) = 220.0, and X is positive semidefinite (X \u2ab0 0).C = [[-4, -1, 2.5, 0, -1, 2.5, -1, 3.5, 1.5, 1], [-1, 4, 2.5, 1.5, 2, 1.5, 3, -4, -1.5, 0], [2.5, 2.5, -2, 0, 1, 0, 0.5, 3.5, -2, 1.5], [0, 1.5, 0, 0, -3, 4, -1, -2, 0, -1], [-1, 2, 1, -3, -2, 2.5, 3, 2.5, -0.5, 1.5], [2.5, 1.5, 0, 4, 2.5, -3, 2, -0.5, 1, -0.5], [-1, 3, 0.5, -1, 3, 2, 3, -2, 0.5, 0], [3.5, -4, 3.5, -2, 2.5, -0.5, -2, -1, -1.5, -2.5], [1.5, -1.5, -2, 0, -0.5, 1, 0.5, -1.5, -3, -1], [1, 0, 1.5, -1, 1.5, -0.5, 0, -2.5, -1, -2]]\nA_1 = [[0, 1, 1.5, -1, -3.5, 1.5, 0.5, 0.5, -0.5, 1.5], [1, 3, -0.5, 3, 1, -1, -1.5, 1.5, -1, 1.5], [1.5, -0.5, -3, -2, -2, 2.5, -0.5, -1.5, 2.5, -0.5], [-1, 3, -2, 3, 2, -1.5, -0.5, -2, 0, 0.5], [-3.5, 1, -2, 2, 2, 0.5, -2, -3.5, 1, 1], [1.5, -1, 2.5, -1.5, 0.5, -1, -2.5, -3.5, -1.5, 3.5], [0.5, -1.5, -0.5, -0.5, -2, -2.5, 3, -3, -2, 0.5], [0.5, 1.5, -1.5, -2, -3.5, -3.5, -3, 0, -0.5, 0.5], [-0.5, -1, 2.5, 0, 1, -1.5, -2, -0.5, -1, 1], [1.5, 1.5, -0.5, 0.5, 1, 3.5, 0.5, 0.5, 1, 3]]\nA_2 = [[-2, -3.5, -1, 0.5, 1.5, 2, -2.5, -1, 1, -1.5], [-3.5, -1, -2.5, 2, 3, 1, 2, -3, -3.5, 1.5], [-1, -2.5, -2, -0.5, -1, -1.5, 0.5, 1.5, 3, -1.5], [0.5, 2, -0.5, -3, 2, -1.5, -2.5, 3, 4, 3.5], [1.5, 3, -1, 2, -3, -1.5, 0, 0, -2.5, 0.5], [2, 1, -1.5, -1.5, -1.5, 4, 2, 1, 1, -2.5], [-2.5, 2, 0.5, -2.5, 0, 2, 2, -4, 0.5, -3], [-1, -3, 1.5, 3, 0, 1, -4, 1, 2.5, -3.5], [1, -3.5, 3, 4, -2.5, 1, 0.5, 2.5, 4, 3], [-1.5, 1.5, -1.5, 3.5, 0.5, -2.5, -3, -3.5, 3, 3]]\nA_3 = [[-4, 2.5, 0.5, -2, -1, -0.5, 0, 0.5, -3.5, 2], [2.5, -4, -2.5, 0, -2, -1, -2.5, -1.5, -2, 1.5], [0.5, -2.5, 0, -3.5, 1, -2, -2, 1, 3, -3], [-2, 0, -3.5, -1, -0.5, 1, -2.5, -0.5, -1.5, -3], [-1, -2, 1, -0.5, 4, -3, -0.5, 2.5, -1.5, 0], [-0.5, -1, -2, 1, -3, 2, -1.5, 1, -4, -1], [0, -2.5, -2, -2.5, -0.5, -1.5, -3, -2.5, 0, 2], [0.5, -1.5, 1, -0.5, 2.5, 1, -2.5, -4, -2, -1.5], [-3.5, -2, 3, -1.5, -1.5, -4, 0, -2, 2, 0.5], [2, 1.5, -3, -3, 0, -1, 2, -1.5, 0.5, -2]]\nA_4 = [[-2, -4, 0, 4, -1.5, 0.5, 1.5, -3, 0.5, 0.5], [-4, 0, -3, 0, 1, -2, 1, -3, -1.5, 2], [0, -3, -2, 2.5, -2, 2, 0.5, 3.5, 1.5, 1], [4, 0, 2.5, -1, -1, 3.5, 3, -4, -1, -0.5], [-1.5, 1, -2, -1, 0, 1, 1.5, 1.5, 2, 0.5], [0.5, -2, 2, 3.5, 1, -1, -3, 1.5, -3, -4], [1.5, 1, 0.5, 3, 1.5, -3, -3, -4, -3, 1.5], [-3, -3, 3.5, -4, 1.5, 1.5, -4, 2, 2.5, 1], [0.5, -1.5, 1.5, -1, 2, -3, -3, 2.5, 1, 1], [0.5, 2, 1, -0.5, 0.5, -4, 1.5, 1, 1, 0]]\nA_5 = [[-3, -3, -2, 0, -2, 1, 0, 0.5, 2, 3], [-3, -3, -3, -2.5, 0, 1, 0.5, 1.5, 1, 1], [-2, -3, 4, -2, 3, 2.5, -1.5, -0.5, -3.5, 0], [0, -2.5, -2, 4, 2, 4, -0.5, 1, 1.5, -1], [-2, 0, 3, 2, 4, 0, -3, 0, -1, -3], [1, 1, 2.5, 4, 0, -1, -4, 2.5, 2, -1.5], [0, 0.5, -1.5, -0.5, -3, -4, -2, 0, -0.5, 4], [0.5, 1.5, -0.5, 1, 0, 2.5, 0, 2, 0.5, 0.5], [2, 1, -3.5, 1.5, -1, 2, -0.5, 0.5, -1, 3.5], [3, 1, 0, -1, -3, -1.5, 4, 0.5, 3.5, 0]]\nA_6 = [[3, 1.5, -1.5, -1, -1, -3, -1, -2, 2.5, -2.5], [1.5, 1, 2.5, -1.5, 4, -0.5, 4, -2.5, 0.5, -3.5], [-1.5, 2.5, -2, -1.5, 0, 1.5, -2, 3, -2.5, 1.5], [-1, -1.5, -1.5, -1, -1, -0.5, -1.5, -4, -1, 3], [-1, 4, 0, -1, -1, 2.5, 1, 0.5, 1, 3.5], [-3, -0.5, 1.5, -0.5, 2.5, 3, -2, 2.5, -1, 0.5], [-1, 4, -2, -1.5, 1, -2, 2, -1, 0, -1], [-2, -2.5, 3, -4, 0.5, 2.5, -1, -2, 1.5, 1], [2.5, 0.5, -2.5, -1, 1, -1, 0, 1.5, 2, -1], [-2.5, -3.5, 1.5, 3, 3.5, 0.5, -1, 1, -1, 4]]\nA_7 = [[-4, 0.5, 0, -2, -3, 0, 1, -1, 0.5, 3], [0.5, -1, 0, 2, 0, 1, -0.5, -1, 1, -1.5], [0, 0, 0, 0, 0, 0.5, 3, -1.5, 0.5, -2], [-2, 2, 0, 0, -2, 0, 1, -1.5, 0.5, 0.5], [-3, 0, 0, -2, -2, 0.5, -0.5, -0.5, -4, 1.5], [0, 1, 0.5, 0, 0.5, -2, 2.5, 1, -1, 1.5], [1, -0.5, 3, 1, -0.5, 2.5, -4, 1.5, 3, -0.5], [-1, -1, -1.5, -1.5, -0.5, 1, 1.5, 3, 0, 2], [0.5, 1, 0.5, 0.5, -4, -1, 3, 0, 1, 2], [3, -1.5, -2, 0.5, 1.5, 1.5, -0.5, 2, 2, 4]]\nb_1 = 57.0, b_2 = -124.0, b_3 = -189.0, b_4 = 5.0, b_5 = 648.0, b_6 = 483.0, b_7 = -54.0\n\nWhat is the minimum value of <C, X> (rounded to 3 decimals)?",
    "answer": "-1973.871287627953"
  },
  {
    "question": "Consider the semidefinite program over a symmetric 10x10 matrix X:\nMinimize <C, X> subject to <A_i, X> = b_i for i=1..7, trace(X) = 196.0, and X is positive semidefinite (X \u2ab0 0).C = [[-2, -2, -2, 1, -1, -0.5, -0.5, 3, 0.5, 1.5], [-2, 3, 0.5, -1, -0.5, -0.5, 1.5, 4, -0.5, -0.5], [-2, 0.5, -2, 0, 1, 1, -1.5, 4, 0.5, -3.5], [1, -1, 0, 0, 0, 2.5, -3, 2, 0, -2.5], [-1, -0.5, 1, 0, -4, 0, -2, -0.5, 0.5, 1.5], [-0.5, -0.5, 1, 2.5, 0, 3, 1, -0.5, -2.5, -3.5], [-0.5, 1.5, -1.5, -3, -2, 1, 3, 0.5, 2.5, 2.5], [3, 4, 4, 2, -0.5, -0.5, 0.5, -4, -1.5, 3], [0.5, -0.5, 0.5, 0, 0.5, -2.5, 2.5, -1.5, 3, -0.5], [1.5, -0.5, -3.5, -2.5, 1.5, -3.5, 2.5, 3, -0.5, -1]]\nA_1 = [[3, 0, -1.5, -1, -2, -2.5, 0.5, 3.5, -1, 2.5], [0, -1, 0.5, -1.5, 3.5, -0.5, -3.5, 3.5, -1.5, 1.5], [-1.5, 0.5, -1, 0.5, 0, 1, 3, -1.5, 1.5, -1.5], [-1, -1.5, 0.5, -3, 2.5, -0.5, 0, 2.5, 0, -2.5], [-2, 3.5, 0, 2.5, -1, 2, -2.5, -1.5, -0.5, 2.5], [-2.5, -0.5, 1, -0.5, 2, 3, 1, 2, 1, -3], [0.5, -3.5, 3, 0, -2.5, 1, -2, 1.5, -1, 1.5], [3.5, 3.5, -1.5, 2.5, -1.5, 2, 1.5, -3, 0, 2.5], [-1, -1.5, 1.5, 0, -0.5, 1, -1, 0, -4, -0.5], [2.5, 1.5, -1.5, -2.5, 2.5, -3, 1.5, 2.5, -0.5, 3]]\nA_2 = [[-4, 0, 1, 0, -0.5, -1, -1.5, -1.5, 0, 1], [0, 2, 1, -0.5, -2, 2.5, 0.5, 0, -2, 1.5], [1, 1, -2, 2, 0, -0.5, 2.5, -2.5, -0.5, 3], [0, -0.5, 2, 1, 0, 0.5, 0, -1.5, 1, 1], [-0.5, -2, 0, 0, 4, -0.5, 1, -2, -2, 1], [-1, 2.5, -0.5, 0.5, -0.5, 3, 2, -1, 1.5, 3.5], [-1.5, 0.5, 2.5, 0, 1, 2, 3, -0.5, 0, 2.5], [-1.5, 0, -2.5, -1.5, -2, -1, -0.5, 2, 4, 1.5], [0, -2, -0.5, 1, -2, 1.5, 0, 4, 2, -1.5], [1, 1.5, 3, 1, 1, 3.5, 2.5, 1.5, -1.5, 0]]\nA_3 = [[-2, -1, 3, 0.5, 0, 3, 1.5, 1.5, 1, -1.5], [-1, -1, -0.5, 1.5, -2, 0.5, 0.5, -0.5, 2, -0.5], [3, -0.5, -2, 0.5, 3.5, 3.5, -3, 1.5, 0.5, 1.5], [0.5, 1.5, 0.5, -1, 1, 1, 0.5, -0.5, 2.5, 1], [0, -2, 3.5, 1, -3, 2, 3.5, 0, -3.5, 0.5], [3, 0.5, 3.5, 1, 2, -1, -2, 0, -1.5, 0.5], [1.5, 0.5, -3, 0.5, 3.5, -2, -3, -1, 2.5, -2.5], [1.5, -0.5, 1.5, -0.5, 0, 0, -1, 1, -2.5, 1], [1, 2, 0.5, 2.5, -3.5, -1.5, 2.5, -2.5, -2, 4], [-1.5, -0.5, 1.5, 1, 0.5, 0.5, -2.5, 1, 4, -4]]\nA_4 = [[2, -2.5, 0.5, 0.5, -3, 2.5, -0.5, 0.5, -2.5, 0.5], [-2.5, -1, -2, 0, -1, 0.5, -1.5, 3, 0, 1], [0.5, -2, -2, 0.5, 0, 3.5, -4, 2.5, -1, -1.5], [0.5, 0, 0.5, 2, 0.5, 2, 0, 0.5, -1.5, 0.5], [-3, -1, 0, 0.5, -2, 2, 0, -2.5, -0.5, 3.5], [2.5, 0.5, 3.5, 2, 2, 1, 2.5, -2, 0.5, 3.5], [-0.5, -1.5, -4, 0, 0, 2.5, 3, -1, -1.5, -1], [0.5, 3, 2.5, 0.5, -2.5, -2, -1, 1, 1, -0.5], [-2.5, 0, -1, -1.5, -0.5, 0.5, -1.5, 1, 4, -3], [0.5, 1, -1.5, 0.5, 3.5, 3.5, -1, -0.5, -3, -4]]\nA_5 = [[1, -2.5, 0.5, -1, 0.5, -2.5, -0.5, -1.5, 1.5, -2.5], [-2.5, 2, -3, -3, -1, 0.5, 1, -3, -2, 0.5], [0.5, -3, -1, -4, 0.5, 3, -1, -1.5, 1.5, -2], [-1, -3, -4, 2, -2, -0.5, -2.5, 1, -4, 2], [0.5, -1, 0.5, -2, 4, -1, -1.5, -3, -1.5, 2.5], [-2.5, 0.5, 3, -0.5, -1, 4, -0.5, 1, 0.5, 1], [-0.5, 1, -1, -2.5, -1.5, -0.5, 4, 2, 0, -3], [-1.5, -3, -1.5, 1, -3, 1, 2, -4, -0.5, -0.5], [1.5, -2, 1.5, -4, -1.5, 0.5, 0, -0.5, 3, -3], [-2.5, 0.5, -2, 2, 2.5, 1, -3, -0.5, -3, 0]]\nA_6 = [[3, -2, -2, 0.5, 2, 0, 1, -1, -1.5, 2], [-2, -2, -4, 0.5, -0.5, -0.5, 1, -2, -3.5, 0], [-2, -4, 2, 0.5, 1.5, 1.5, 0.5, -0.5, -3, -1.5], [0.5, 0.5, 0.5, -2, -1.5, -2, 2, -0.5, 0, -1], [2, -0.5, 1.5, -1.5, -3, 1, -1, -2, 0.5, 2.5], [0, -0.5, 1.5, -2, 1, 0, -3.5, -2.5, 0.5, 0.5], [1, 1, 0.5, 2, -1, -3.5, 0, -1, 1, -1.5], [-1, -2, -0.5, -0.5, -2, -2.5, -1, 1, -2, 4], [-1.5, -3.5, -3, 0, 0.5, 0.5, 1, -2, 2, 2], [2, 0, -1.5, -1, 2.5, 0.5, -1.5, 4, 2, -4]]\nA_7 = [[-3, 2, 0.5, 0, 1, 1.5, -2, 0.5, 3.5, 0.5], [2, 3, -3, 0, -3, -2, 2.5, 0.5, 0, 3.5], [0.5, -3, -4, -3.5, 2, 3, 0.5, 1, 3.5, -1], [0, 0, -3.5, -4, 1, 2, 3, 1.5, 1, 1.5], [1, -3, 2, 1, 3, -0.5, 1, -1, 2.5, -1], [1.5, -2, 3, 2, -0.5, 4, -2.5, 0.5, -1.5, -2.5], [-2, 2.5, 0.5, 3, 1, -2.5, 2, 2.5, -2.5, 1.5], [0.5, 0.5, 1, 1.5, -1, 0.5, 2.5, 4, -3, 0], [3.5, 0, 3.5, 1, 2.5, -1.5, -2.5, -3, 1, 0], [0.5, 3.5, -1, 1.5, -1, -2.5, 1.5, 0, 0, 1]]\nb_1 = -305.0, b_2 = 337.0, b_3 = -234.0, b_4 = -42.0, b_5 = 355.0, b_6 = -5.0, b_7 = 417.0\n\nWhat is the minimum value of <C, X> (rounded to 3 decimals)?",
    "answer": "-1581.9633612999266"
  },
  {
    "question": "Consider the semidefinite program over a symmetric 10x10 matrix X:\nMinimize <C, X> subject to <A_i, X> = b_i for i=1..7, trace(X) = 200.0, and X is positive semidefinite (X \u2ab0 0).C = [[-2, -0.5, -4, 1, 0, 2, 2.5, 1.5, -1, -0.5], [-0.5, 4, -3.5, 0, 0.5, -3.5, 0, -2, 1.5, 0], [-4, -3.5, 3, 2, -0.5, 4, -3, -3, -3, -1.5], [1, 0, 2, -3, -2, -3.5, 1, -3.5, -0.5, 0.5], [0, 0.5, -0.5, -2, 0, -2, -3, -3.5, 0.5, 0], [2, -3.5, 4, -3.5, -2, 0, -2, 1, 2, 1.5], [2.5, 0, -3, 1, -3, -2, -2, -1.5, -1, -1.5], [1.5, -2, -3, -3.5, -3.5, 1, -1.5, -3, 2.5, 2], [-1, 1.5, -3, -0.5, 0.5, 2, -1, 2.5, 4, 4], [-0.5, 0, -1.5, 0.5, 0, 1.5, -1.5, 2, 4, 1]]\nA_1 = [[0, -1, -0.5, 0, 0.5, 1, 0.5, -0.5, 0.5, -1], [-1, 4, -0.5, 0.5, 1, -0.5, -3.5, 1.5, -2.5, 0.5], [-0.5, -0.5, 2, 1, 1, 0, 2, -3.5, 0.5, 0], [0, 0.5, 1, -1, -2.5, 0.5, -3, 1.5, 0, 1], [0.5, 1, 1, -2.5, 3, -3.5, 0, 1, -0.5, -1], [1, -0.5, 0, 0.5, -3.5, 0, 1.5, 3.5, -0.5, 3.5], [0.5, -3.5, 2, -3, 0, 1.5, 1, -2.5, -3.5, 0.5], [-0.5, 1.5, -3.5, 1.5, 1, 3.5, -2.5, 0, 2, -2], [0.5, -2.5, 0.5, 0, -0.5, -0.5, -3.5, 2, -2, -0.5], [-1, 0.5, 0, 1, -1, 3.5, 0.5, -2, -0.5, 4]]\nA_2 = [[-3, -3, -2, -2, 2.5, -0.5, -3, 1.5, 0, -2.5], [-3, -1, -4, 2.5, -0.5, 0, -1.5, 4, -2, 0], [-2, -4, -4, -1, 0, 0.5, -1.5, -1, -3.5, 0], [-2, 2.5, -1, -1, 2, 4, 0.5, -0.5, -3, 1], [2.5, -0.5, 0, 2, 4, 0, 0.5, -0.5, 1, 1], [-0.5, 0, 0.5, 4, 0, 0, -0.5, -0.5, -0.5, -0.5], [-3, -1.5, -1.5, 0.5, 0.5, -0.5, 2, 0.5, -0.5, -0.5], [1.5, 4, -1, -0.5, -0.5, -0.5, 0.5, -1, 1.5, 0], [0, -2, -3.5, -3, 1, -0.5, -0.5, 1.5, -4, 2.5], [-2.5, 0, 0, 1, 1, -0.5, -0.5, 0, 2.5, -1]]\nA_3 = [[-4, -2, 0.5, 1, 1.5, -1.5, 0.5, 0.5, 1.5, 3.5], [-2, -1, 0, 0, -1.5, -1, 1, 0, 2, 2], [0.5, 0, 0, -1.5, 0, -2.5, 2, 2.5, -2.5, -0.5], [1, 0, -1.5, -2, 0, -2, 3.5, 0, 0, 2.5], [1.5, -1.5, 0, 0, -3, -2, 0, 1.5, 3, 1], [-1.5, -1, -2.5, -2, -2, 3, -1.5, -0.5, 0, -1.5], [0.5, 1, 2, 3.5, 0, -1.5, 1, 3.5, -4, -4], [0.5, 0, 2.5, 0, 1.5, -0.5, 3.5, 2, 1.5, -2], [1.5, 2, -2.5, 0, 3, 0, -4, 1.5, -4, 1], [3.5, 2, -0.5, 2.5, 1, -1.5, -4, -2, 1, -1]]\nA_4 = [[-1, 4, 2, 1, 2.5, 2, 0.5, 1.5, -2, -1.5], [4, 1, -1.5, -3.5, -0.5, -1.5, 3, -1, 1, -0.5], [2, -1.5, 3, -1, -1.5, -4, -2, -2, -0.5, 0.5], [1, -3.5, -1, -4, 1.5, -0.5, -0.5, 3.5, 1, -1], [2.5, -0.5, -1.5, 1.5, -3, 1, -2, 1, 0, 3], [2, -1.5, -4, -0.5, 1, -3, 2, 0, 3.5, 1], [0.5, 3, -2, -0.5, -2, 2, 4, 1.5, 1, -0.5], [1.5, -1, -2, 3.5, 1, 0, 1.5, 0, 2, -1.5], [-2, 1, -0.5, 1, 0, 3.5, 1, 2, -1, -1], [-1.5, -0.5, 0.5, -1, 3, 1, -0.5, -1.5, -1, 1]]\nA_5 = [[2, -0.5, 3.5, 0.5, -0.5, 0, 0.5, 3.5, 2, -2.5], [-0.5, 1, -0.5, 0.5, 0, 0.5, -3, 0.5, 4, 1.5], [3.5, -0.5, -2, -1, -1, -1.5, 3, 1, 0.5, 0.5], [0.5, 0.5, -1, -1, 2, 0.5, 0.5, 0, -3.5, -2], [-0.5, 0, -1, 2, -1, 2.5, 3.5, 3, 0.5, -2.5], [0, 0.5, -1.5, 0.5, 2.5, 2, -2, 0, -3.5, -1.5], [0.5, -3, 3, 0.5, 3.5, -2, -2, 0, -0.5, 2.5], [3.5, 0.5, 1, 0, 3, 0, 0, 2, 0, -1.5], [2, 4, 0.5, -3.5, 0.5, -3.5, -0.5, 0, -2, 0], [-2.5, 1.5, 0.5, -2, -2.5, -1.5, 2.5, -1.5, 0, 3]]\nA_6 = [[-1, -2.5, -3.5, 1.5, 0, 3.5, 1.5, -0.5, -1, -1.5], [-2.5, 4, 0.5, -2, 3, -3.5, 3.5, 2, 0, 2], [-3.5, 0.5, 4, 1.5, 0.5, 2, -0.5, 1.5, -0.5, -0.5], [1.5, -2, 1.5, 3, 1, 2, -3, 0.5, -1.5, 0], [0, 3, 0.5, 1, -3, -4, 2, 0, 1, -3], [3.5, -3.5, 2, 2, -4, -3, 0, 0, -2, -3], [1.5, 3.5, -0.5, -3, 2, 0, 3, 2, -1, -1], [-0.5, 2, 1.5, 0.5, 0, 0, 2, 2, -0.5, 1], [-1, 0, -0.5, -1.5, 1, -2, -1, -0.5, 2, -2.5], [-1.5, 2, -0.5, 0, -3, -3, -1, 1, -2.5, 2]]\nA_7 = [[4, -0.5, -0.5, 0.5, 0, -1, -1.5, 1.5, -3.5, -1], [-0.5, 0, 1, -3.5, 1.5, -1.5, -0.5, 1, 2.5, -1.5], [-0.5, 1, -4, -1, -2, -3, -0.5, 2.5, -1, -2], [0.5, -3.5, -1, -1, 2, -2.5, 2, -1, -3.5, 1], [0, 1.5, -2, 2, 2, 2.5, 1, 1.5, -1, 2.5], [-1, -1.5, -3, -2.5, 2.5, 3, 2.5, -0.5, 0.5, -1.5], [-1.5, -0.5, -0.5, 2, 1, 2.5, 2, 1, -0.5, -0.5], [1.5, 1, 2.5, -1, 1.5, -0.5, 1, 0, -1.5, -4], [-3.5, 2.5, -1, -3.5, -1, 0.5, -0.5, -1.5, 2, 1], [-1, -1.5, -2, 1, 2.5, -1.5, -0.5, -4, 1, 2]]\nb_1 = 338.0, b_2 = 27.0, b_3 = -128.0, b_4 = -106.0, b_5 = 43.0, b_6 = 127.0, b_7 = 324.0\n\nWhat is the minimum value of <C, X> (rounded to 3 decimals)?",
    "answer": "-1706.3265332955214"
  },
  {
    "question": "Consider the semidefinite program over a symmetric 10x10 matrix X:\nMinimize <C, X> subject to <A_i, X> = b_i for i=1..7, trace(X) = 202.0, and X is positive semidefinite (X \u2ab0 0).C = [[0, -3, -2.5, -1.5, 1.5, 2, -2, 1, -0.5, -1], [-3, -4, 0.5, -1, 2, 1, 0.5, -2, 2.5, 3], [-2.5, 0.5, -3, 0, 0.5, 0.5, -0.5, -1.5, 0.5, -4], [-1.5, -1, 0, -1, -2.5, 1, -3, -1.5, 1, 0], [1.5, 2, 0.5, -2.5, -4, -1, 3, 1, -1.5, -1.5], [2, 1, 0.5, 1, -1, 0, 0, 1, -0.5, 0], [-2, 0.5, -0.5, -3, 3, 0, 4, 2, 3, 3], [1, -2, -1.5, -1.5, 1, 1, 2, 0, 4, 0.5], [-0.5, 2.5, 0.5, 1, -1.5, -0.5, 3, 4, -4, 0], [-1, 3, -4, 0, -1.5, 0, 3, 0.5, 0, -1]]\nA_1 = [[4, -1, 1, 3, -3.5, 0.5, 3.5, 2.5, 1.5, 2], [-1, 2, 2.5, 1, 0, 2, -1.5, -3.5, -0.5, 2.5], [1, 2.5, 1, 0.5, -2.5, 2, 2.5, 3.5, -2, 2], [3, 1, 0.5, -4, -2, 1, 0, 0, 2, -1], [-3.5, 0, -2.5, -2, 0, 4, 0, 0.5, -3.5, -3.5], [0.5, 2, 2, 1, 4, -3, 0, 1.5, -1.5, -2.5], [3.5, -1.5, 2.5, 0, 0, 0, -2, 1, 0.5, -1], [2.5, -3.5, 3.5, 0, 0.5, 1.5, 1, -4, 0, 1.5], [1.5, -0.5, -2, 2, -3.5, -1.5, 0.5, 0, 1, -0.5], [2, 2.5, 2, -1, -3.5, -2.5, -1, 1.5, -0.5, 2]]\nA_2 = [[-4, -1.5, -0.5, -1, -1.5, 2.5, 2.5, -1.5, 1.5, -1], [-1.5, 3, 1.5, -0.5, 2.5, -1.5, 0.5, 1.5, 3.5, -4], [-0.5, 1.5, -3, -2.5, -0.5, -1.5, -0.5, -2, -0.5, 2], [-1, -0.5, -2.5, -3, -0.5, 2, -1, -3, 1, 2.5], [-1.5, 2.5, -0.5, -0.5, 2, -1, -2, 2, -1.5, 1.5], [2.5, -1.5, -1.5, 2, -1, -3, -1, 1, -1, 1.5], [2.5, 0.5, -0.5, -1, -2, -1, 3, 1, 0, 3.5], [-1.5, 1.5, -2, -3, 2, 1, 1, 0, 0, 4], [1.5, 3.5, -0.5, 1, -1.5, -1, 0, 0, 3, -2.5], [-1, -4, 2, 2.5, 1.5, 1.5, 3.5, 4, -2.5, 1]]\nA_3 = [[2, 1, -1, -1.5, -0.5, 3, 2.5, -1.5, 0.5, -0.5], [1, 1, 2, -1.5, 0.5, -1.5, 0, 1.5, -4, -3.5], [-1, 2, -2, -1, -3, 2, -1.5, 2.5, -3, -0.5], [-1.5, -1.5, -1, 2, 0, -0.5, -2.5, -1, 1.5, -4], [-0.5, 0.5, -3, 0, -2, 1.5, -1, -1, 0.5, -3.5], [3, -1.5, 2, -0.5, 1.5, 4, 0, 2, 1.5, 2], [2.5, 0, -1.5, -2.5, -1, 0, -3, -1, 0, 0], [-1.5, 1.5, 2.5, -1, -1, 2, -1, -3, -0.5, -1], [0.5, -4, -3, 1.5, 0.5, 1.5, 0, -0.5, 1, -2.5], [-0.5, -3.5, -0.5, -4, -3.5, 2, 0, -1, -2.5, -4]]\nA_4 = [[-4, -2.5, 2, -2, 0, -1.5, 2, 2, -3, 1], [-2.5, -3, 0.5, -2, 2, -0.5, -2.5, -1.5, 1.5, 1.5], [2, 0.5, 4, -1.5, 2, 0.5, -4, 0, 1, 0], [-2, -2, -1.5, 3, -3.5, -3, 0, -3.5, 0.5, -2], [0, 2, 2, -3.5, 2, -0.5, -2.5, -4, 1, 1], [-1.5, -0.5, 0.5, -3, -0.5, -3, 1, 2, 0.5, 1], [2, -2.5, -4, 0, -2.5, 1, -3, 2.5, 0, -1], [2, -1.5, 0, -3.5, -4, 2, 2.5, 4, 1, 0.5], [-3, 1.5, 1, 0.5, 1, 0.5, 0, 1, -3, -1.5], [1, 1.5, 0, -2, 1, 1, -1, 0.5, -1.5, -1]]\nA_5 = [[0, -3, -1, 0, 0.5, 1.5, 2.5, 0.5, 0.5, 2.5], [-3, -3, -0.5, 0.5, 0.5, 1.5, -1.5, 2, -3, 3], [-1, -0.5, 4, 3.5, 0, -4, -1, -1, 3.5, 2], [0, 0.5, 3.5, 4, -2, -1.5, 1.5, 0, 0.5, 0.5], [0.5, 0.5, 0, -2, 0, 0.5, 0.5, -2, -1, 1.5], [1.5, 1.5, -4, -1.5, 0.5, 4, -0.5, 0, 0, -3], [2.5, -1.5, -1, 1.5, 0.5, -0.5, 2, 1, 1.5, -0.5], [0.5, 2, -1, 0, -2, 0, 1, -4, 0, -0.5], [0.5, -3, 3.5, 0.5, -1, 0, 1.5, 0, 0, 0.5], [2.5, 3, 2, 0.5, 1.5, -3, -0.5, -0.5, 0.5, -3]]\nA_6 = [[-4, -1.5, -0.5, 3.5, 1.5, -2.5, 0, -0.5, -0.5, 1.5], [-1.5, -4, 0.5, 2.5, -1, -1.5, 0, 1, 1.5, 4], [-0.5, 0.5, 4, -1.5, 1, 2, 0, -2.5, 1.5, 1], [3.5, 2.5, -1.5, 4, 1.5, 2, 2, -1.5, -3, 2], [1.5, -1, 1, 1.5, -2, -1, 0.5, -1, -1, 0], [-2.5, -1.5, 2, 2, -1, 4, -1.5, 0.5, -1, 0.5], [0, 0, 0, 2, 0.5, -1.5, 1, 0.5, -2.5, -1], [-0.5, 1, -2.5, -1.5, -1, 0.5, 0.5, -4, -2.5, -1], [-0.5, 1.5, 1.5, -3, -1, -1, -2.5, -2.5, -4, -1], [1.5, 4, 1, 2, 0, 0.5, -1, -1, -1, -1]]\nA_7 = [[1, -0.5, 1, 3.5, -1.5, 2, 0, -2, -2, -2], [-0.5, -2, -1, -0.5, -3, -0.5, 0, 3.5, -3, -1.5], [1, -1, -1, -2.5, 1, -1, -3, 1.5, 2.5, 2], [3.5, -0.5, -2.5, 3, -2.5, -0.5, -0.5, -2, 0, 2], [-1.5, -3, 1, -2.5, -3, 0, 0, 2, 0, 1], [2, -0.5, -1, -0.5, 0, -1, 0.5, 1, 2, -2.5], [0, 0, -3, -0.5, 0, 0.5, -2, -1.5, -3, -2], [-2, 3.5, 1.5, -2, 2, 1, -1.5, -3, 2.5, -3], [-2, -3, 2.5, 0, 0, 2, -3, 2.5, 2, -0.5], [-2, -1.5, 2, 2, 1, -2.5, -2, -3, -0.5, -1]]\nb_1 = 36.0, b_2 = 39.0, b_3 = -270.0, b_4 = -367.0, b_5 = 280.0, b_6 = -37.0, b_7 = -62.0\n\nWhat is the minimum value of <C, X> (rounded to 3 decimals)?",
    "answer": "-1709.7636249850066"
  },
  {
    "question": "Consider the semidefinite program over a symmetric 10x10 matrix X:\nMinimize <C, X> subject to <A_i, X> = b_i for i=1..7, trace(X) = 153.0, and X is positive semidefinite (X \u2ab0 0).C = [[1, -0.5, -1, 3, 0.5, -1, -2, -1, 1.5, -2.5], [-0.5, 0, -1.5, 2, 2, 0, -4, -3, -0.5, 2], [-1, -1.5, 2, -2.5, -0.5, -1, -2, -1.5, 0, 1.5], [3, 2, -2.5, -4, -0.5, 1.5, -3.5, 2, 3.5, -1], [0.5, 2, -0.5, -0.5, -4, 2, -2, 0.5, 0, 1.5], [-1, 0, -1, 1.5, 2, -1, -3, -1, 0.5, 0.5], [-2, -4, -2, -3.5, -2, -3, 4, -1.5, 1, -2], [-1, -3, -1.5, 2, 0.5, -1, -1.5, -4, -2.5, -1.5], [1.5, -0.5, 0, 3.5, 0, 0.5, 1, -2.5, -3, 0.5], [-2.5, 2, 1.5, -1, 1.5, 0.5, -2, -1.5, 0.5, 4]]\nA_1 = [[3, -1, 1.5, 4, 2.5, -0.5, 1, -4, 0, -3.5], [-1, 3, 2, 2.5, 1, 0.5, -1, 1.5, -2, 2], [1.5, 2, -1, -2.5, -2, 2, -0.5, 1, -1, 2], [4, 2.5, -2.5, -1, -3.5, -2.5, 0, -0.5, -0.5, 3.5], [2.5, 1, -2, -3.5, -1, -3.5, 0.5, 1, -1.5, -1], [-0.5, 0.5, 2, -2.5, -3.5, 4, 0, 1, 4, 2], [1, -1, -0.5, 0, 0.5, 0, -2, 2.5, 0, 1.5], [-4, 1.5, 1, -0.5, 1, 1, 2.5, 4, 1, -1], [0, -2, -1, -0.5, -1.5, 4, 0, 1, -4, -1.5], [-3.5, 2, 2, 3.5, -1, 2, 1.5, -1, -1.5, 4]]\nA_2 = [[3, 2, -2.5, 0, 3.5, -3.5, -2, 1.5, -1, -2.5], [2, 0, -3, -0.5, 1, 1, -0.5, -1.5, 0.5, -0.5], [-2.5, -3, 0, -2.5, 1.5, 1, -1.5, -3.5, 1.5, -3], [0, -0.5, -2.5, 2, -3, 3, -1.5, -0.5, 3.5, 0.5], [3.5, 1, 1.5, -3, 4, 2, 1.5, 0.5, 0, -0.5], [-3.5, 1, 1, 3, 2, 4, 0, 1.5, -2, 0.5], [-2, -0.5, -1.5, -1.5, 1.5, 0, -1, -0.5, 0.5, -3], [1.5, -1.5, -3.5, -0.5, 0.5, 1.5, -0.5, 0, -1, 0.5], [-1, 0.5, 1.5, 3.5, 0, -2, 0.5, -1, -4, 2], [-2.5, -0.5, -3, 0.5, -0.5, 0.5, -3, 0.5, 2, 4]]\nA_3 = [[-3, -2, -2.5, -2.5, 0, -0.5, 2.5, 1, 1, 3], [-2, -1, -1.5, 0, 0.5, 0, 4, 1, -1, 2.5], [-2.5, -1.5, -1, -1.5, 0, -2, -0.5, -1.5, 2, -1.5], [-2.5, 0, -1.5, 0, -3, 1.5, -1, 1, 1.5, 1], [0, 0.5, 0, -3, -3, 0.5, 0.5, -1.5, 2, -2], [-0.5, 0, -2, 1.5, 0.5, 1, 0.5, -1, 0.5, -2.5], [2.5, 4, -0.5, -1, 0.5, 0.5, 3, -1, 0, 0], [1, 1, -1.5, 1, -1.5, -1, -1, 4, -3.5, -1.5], [1, -1, 2, 1.5, 2, 0.5, 0, -3.5, 3, 1], [3, 2.5, -1.5, 1, -2, -2.5, 0, -1.5, 1, 2]]\nA_4 = [[-1, 0, 0, 2, 2.5, -0.5, -0.5, 2.5, -2, 2.5], [0, 3, -3, 0, 0.5, -0.5, 2, 1, 0, -2.5], [0, -3, -3, 0, -0.5, -2.5, 0.5, -1, 0.5, -2], [2, 0, 0, -3, -3.5, -2.5, 2, -1.5, 0.5, -1.5], [2.5, 0.5, -0.5, -3.5, 3, 4, 1, -1.5, -3, -1.5], [-0.5, -0.5, -2.5, -2.5, 4, 4, 0, 1, -0.5, -2.5], [-0.5, 2, 0.5, 2, 1, 0, 1, -1.5, -2.5, -1.5], [2.5, 1, -1, -1.5, -1.5, 1, -1.5, 1, -3, 1.5], [-2, 0, 0.5, 0.5, -3, -0.5, -2.5, -3, 3, -0.5], [2.5, -2.5, -2, -1.5, -1.5, -2.5, -1.5, 1.5, -0.5, -2]]\nA_5 = [[1, -1, -1, 1, 0, 0.5, 0.5, -1, 2.5, -2.5], [-1, 3, -2, -3, 1, -0.5, -3, 2, 1, -0.5], [-1, -2, -1, -0.5, -1.5, 2.5, -0.5, -1, -3, -0.5], [1, -3, -0.5, 1, -1.5, 2.5, 1.5, 0.5, -2.5, -2.5], [0, 1, -1.5, -1.5, 0, -3, -0.5, 0, -2.5, -1], [0.5, -0.5, 2.5, 2.5, -3, 2, -2, -1, -1.5, -3], [0.5, -3, -0.5, 1.5, -0.5, -2, -4, 1, 4, 0.5], [-1, 2, -1, 0.5, 0, -1, 1, -2, 1.5, 4], [2.5, 1, -3, -2.5, -2.5, -1.5, 4, 1.5, 0, 0.5], [-2.5, -0.5, -0.5, -2.5, -1, -3, 0.5, 4, 0.5, 3]]\nA_6 = [[-2, 3.5, 1.5, 2, -1, 0.5, -1.5, -2.5, 0.5, -1.5], [3.5, -2, 0.5, 1.5, 1, -3, -0.5, 1, 1, 2], [1.5, 0.5, -4, -3.5, -1, 2, -1, -2.5, -3, 0], [2, 1.5, -3.5, 2, -1, 1, 0.5, 2, -0.5, -1.5], [-1, 1, -1, -1, 3, 1, 2, 1.5, 2, -1.5], [0.5, -3, 2, 1, 1, 4, -2.5, -1.5, -2, -1], [-1.5, -0.5, -1, 0.5, 2, -2.5, 1, 1, -3.5, -0.5], [-2.5, 1, -2.5, 2, 1.5, -1.5, 1, 2, -1, -1.5], [0.5, 1, -3, -0.5, 2, -2, -3.5, -1, -1, 4], [-1.5, 2, 0, -1.5, -1.5, -1, -0.5, -1.5, 4, 3]]\nA_7 = [[-1, 0, -0.5, 3, -2, -1.5, -3, 3.5, 1.5, 3.5], [0, -1, -1, -1, 0, -3, 4, 0, 3.5, -1], [-0.5, -1, 1, 0, -0.5, 1, -1, -0.5, -1, -1], [3, -1, 0, 0, -0.5, 1, -0.5, -1, -1, 1.5], [-2, 0, -0.5, -0.5, -1, -0.5, -0.5, 2.5, 0, 1.5], [-1.5, -3, 1, 1, -0.5, 1, 3.5, 0, 3, -0.5], [-3, 4, -1, -0.5, -0.5, 3.5, -1, 2, 0.5, 0.5], [3.5, 0, -0.5, -1, 2.5, 0, 2, -2, -1.5, -1], [1.5, 3.5, -1, -1, 0, 3, 0.5, -1.5, 1, -2], [3.5, -1, -1, 1.5, 1.5, -0.5, 0.5, -1, -2, 0]]\nb_1 = 64.0, b_2 = 283.0, b_3 = 145.0, b_4 = -184.0, b_5 = -135.0, b_6 = -30.0, b_7 = -262.0\n\nWhat is the minimum value of <C, X> (rounded to 3 decimals)?",
    "answer": "-1000.8177345613017"
  },
  {
