[
  {
    "question": "Find the minimum value of the quadratic program: minimize (1/2) y^T Q y + r^T y\nwhere Q = [[ 72.   0.   8.  14.   1. -13.   8.  -6.   4.]\n [  0.  33. -13.  17.   2.  -5. -31. -30.  30.]\n [  8. -13.  38.   4.  -9.  14.  10.   8. -28.]\n [ 14.  17.   4.  51.  -7.  -8.  -5. -19.   5.]\n [  1.   2.  -9.  -7.  63.  25.  30.   4.   5.]\n [-13.  -5.  14.  -8.  25.  60.  12.  47.   6.]\n [  8. -31.  10.  -5.  30.  12.  62.  29. -36.]\n [ -6. -30.   8. -19.   4.  47.  29.  76.  -3.]\n [  4.  30. -28.   5.   5.   6. -36.  -3.  58.]] and r = [ 2.  3. -4.  3.  3. -3. -2. -2.  1.],\nsubject to C y <= d and E y = f, where\nC = [[-1.  4. -4.  4.  2. -2.  3. -2. -1.]\n [-4. -1.  2.  1. -4.  4. -2. -4. -3.]\n [-4. -3.  3. -3. -2.  2. -1. -4.  4.]\n [-3.  0. -3.  0. -4. -3. -3.  3.  3.]\n [-4. -2.  1.  0.  2.  1. -3.  1. -2.]\n [ 3. -4. -1.  2.  4.  1. -1.  3.  4.]\n [ 1. -2. -3.  1.  1.  0. -2.  3.  3.]\n [-3.  3. -2. -3.  1.  0.  3.  0.  2.]\n [-1. -4.  4.  4.  0.  2. -1.  1.  1.]\n [ 4.  0. -2. -2. -1.  3. -2. -4.  0.]\n [-4.  2.  4. -4. -4.  0.  4.  3. -1.]], d = [ -9. -15.  12.   4.   5.  32.  18.   9.  17.  -3.  -1.],\nE = [[ 2.  1.  0. -1. -1.  1. -2. -1. -3.]\n [ 4.  1. -2.  0.  2.  2.  1. -1. -3.]\n [ 3.  4. -1.  4.  1.  4. -4.  2. -4.]\n [-2.  0.  2. -2.  0. -2.  2. -1. -3.]], f = [-14.  -8.  -3. -16.].\nWhat is the optimal objective value?",
    "answer": "716.39"
  },
  {
    "question": "Consider the optimization problem: minimize (1/2) w^T H w + g^T w\nwith H = [[ 88.  44. -36.  35.  10.   0. -10.   8. -43.]\n [ 44.  83. -40.   0.  12.  -6.  15. -26.   1.]\n [-36. -40.  41.   6. -13.  -9.  14.  12.  25.]\n [ 35.   0.   6.  79. -12. -35.  17.   4.  22.]\n [ 10.  12. -13. -12.  55.   0.  37.   1. -21.]\n [  0.  -6.  -9. -35.   0.  70. -32.  -3.  -9.]\n [-10.  15.  14.  17.  37. -32.  74. -22.  20.]\n [  8. -26.  12.   4.   1.  -3. -22.  70.  -6.]\n [-43.   1.  25.  22. -21.  -9.  20.  -6.  87.]] and g = [ 3.  3. -4. -3.  0.  2. -4. -4. -2.],\nunder the constraints F w <= e and D w = c, where\nF = [[ 3. -3. -2.  3. -3.  3. -2. -1.  0.]\n [ 3.  2. -2.  4.  4. -3.  1.  4. -2.]\n [ 2.  4.  3. -1.  3.  3. -4.  3. -4.]\n [ 4.  4.  1. -3. -2. -1.  3. -1.  3.]\n [ 1.  3.  2. -1.  1.  3. -4.  2.  0.]\n [ 3. -1.  0. -4. -1.  2.  2. -3. -1.]\n [ 2. -2.  4.  0. -2.  4. -4.  1. -3.]\n [ 0. -2. -4. -2. -2. -3. -1.  1.  4.]\n [ 2.  2. -4.  3. -1. -2. -2. -3. -3.]\n [-3. -4.  3. -3. -1. -2. -4.  4.  3.]\n [ 0.  0. -4.  2.  4. -1. -4.  0.  2.]\n [ 4.  4. -3. -1. -2.  0. -2.  2. -4.]\n [ 4.  0. -2. -4. -3. -2.  4. -4. -3.]\n [-2.  3. -2.  0.  4. -4.  3.  1. -1.]\n [-2.  4. -4.  1.  4.  4.  3. -3.  1.]\n [ 4. -1. -4.  3. -2.  2. -2.  4. -3.]\n [ 3. -1.  1.  2. -2.  3. -3.  3. -1.]\n [-3. -2.  4. -2.  0. -2. -3.  2.  1.]\n [ 3.  3. -2. -1.  0.  0. -4. -3.  0.]\n [-4. -1. -4.  4. -1.  0.  4. -4.  4.]\n [-1. -2.  3. -2.  4. -3. -1. -3. -1.]\n [ 2.  2. -4.  0.  2. -1. -4. -1. -3.]\n [ 1.  3. -2. -2.  0.  4. -4.  4. -2.]\n [-1. -1.  4.  4.  0.  4. -2. -1.  4.]], e = [  0.   1.  14.   8.  17.  -1.  10.  -3. -33.  20.  -4. -13. -29.  -5.\n   7.  -2.  13.   9. -15.  -3. -11. -24.  14.  30.],\nD = [[ 2. -2. -3.  1.  1. -1. -2. -3. -1.]\n [ 4. -3. -4.  3. -4.  3. -1.  3. -4.]\n [ 0. -2. -3.  3. -1. -2.  0.  3. -2.]\n [-4. -2. -4.  2.  3.  2.  0.  0.  3.]], c = [-22.  -7. -10.  10.].\nWhat is the minimum value achieved?",
    "answer": "912.6"
  },
  {
    "question": "Find the minimum value of the quadratic program: minimize (1/2) y^T Q y + r^T y\nwhere Q = [[ 202.  -15.  -33.  -15.   67.  -22.   19.  -19.   17.   11.  -66.    8.\n     9.   14.    7.   39.    3.  -27.   65.    1.  -15.  -30.   44.]\n [ -15.  167.    9.   20.  -16.   35.  -27.    1.  -27.   -3.   18.  -24.\n    16.   18.   16.   -2.   36.   45.  -58.   35.  -14.   71.  -31.]\n [ -33.    9.  163.  -28.    1.  -22.   54.   12.  -43.   65.   31.    5.\n    41.    2.  -23.  -19.   -8.   26.    4.   55.   27.   37.    3.]\n [ -15.   20.  -28.  130.   36.   21.  -54.   26.    3.  -14.   26.   -8.\n   -47.   19.  -30.    4.   -7.   28.   -6.  -60.  -29.   44.  -22.]\n [  67.  -16.    1.   36.  136.   -7.  -20.    1.    9.  -26.  -18.    9.\n    10.   73.   23.  -18.   22.  -54.   16.  -78.   -8.  -25.  -18.]\n [ -22.   35.  -22.   21.   -7.  142.   26.   68.    7.  -22.   16.  -15.\n    33.  -16.    7.   37.   -8.   15.  -37.  -16.    1.   58.  -34.]\n [  19.  -27.   54.  -54.  -20.   26.  144.   42.  -43.   26.   29.  -22.\n    65.  -13.  -45.    1.   -4.   -8.   -8.   13.   37.  -12.   -4.]\n [ -19.    1.   12.   26.    1.   68.   42.  156.  -17.    7.  -35.  -82.\n    16.  -32.   -5.   34.    4.  -16.   10.  -12.   15.   50.  -65.]\n [  17.  -27.  -43.    3.    9.    7.  -43.  -17.  139.  -39.  -34.   60.\n   -39.   32.   56.   11.  -48.   15.    5.   15.  -39.    3.   13.]\n [  11.   -3.   65.  -14.  -26.  -22.   26.    7.  -39.  154.    8.    6.\n    70.  -56.   -4.  -15.  -11.   20.    4.   17.    6.    1.   35.]\n [ -66.   18.   31.   26.  -18.   16.   29.  -35.  -34.    8.  184.   60.\n   -33.   30.  -53.  -72.  -15.   45.  -17.  -27.   40.   -4.   -1.]\n [   8.  -24.    5.   -8.    9.  -15.  -22.  -82.   60.    6.   60.  191.\n    -8.    5.  -18.  -37. -100.  -13.  -23.    3.    4.  -38.  -34.]\n [   9.   16.   41.  -47.   10.   33.   65.   16.  -39.   70.  -33.   -8.\n   164.  -42.   -4.    9.    0.  -27.  -11.    7.   29.  -13.   -6.]\n [  14.   18.    2.   19.   73.  -16.  -13.  -32.   32.  -56.   30.    5.\n   -42.  161.   27.    2.   39.  -15.  -34.  -13.   10.  -36.  -14.]\n [   7.   16.  -23.  -30.   23.    7.  -45.   -5.   56.   -4.  -53.  -18.\n    -4.   27.  182.  -26.   55.  -47.  -48.    3.  -20.   19.  -10.]\n [  39.   -2.  -19.    4.  -18.   37.    1.   34.   11.  -15.  -72.  -37.\n     9.    2.  -26.  111.  -17.   27.   36.   27.    3.   -7.   17.]\n [   3.   36.   -8.   -7.   22.   -8.   -4.    4.  -48.  -11.  -15. -100.\n     0.   39.   55.  -17.  141.  -30.  -30.  -25.   -7.   10.   12.]\n [ -27.   45.   26.   28.  -54.   15.   -8.  -16.   15.   20.   45.  -13.\n   -27.  -15.  -47.   27.  -30.  183.   32.   62.    6.   44.  101.]\n [  65.  -58.    4.   -6.   16.  -37.   -8.   10.    5.    4.  -17.  -23.\n   -11.  -34.  -48.   36.  -30.   32.  179.    6.   10.  -34.   51.]\n [   1.   35.   55.  -60.  -78.  -16.   13.  -12.   15.   17.  -27.    3.\n     7.  -13.    3.   27.  -25.   62.    6.  186.   74.   26.   23.]\n [ -15.  -14.   27.  -29.   -8.    1.   37.   15.  -39.    6.   40.    4.\n    29.   10.  -20.    3.   -7.    6.   10.   74.  160.  -59.   -1.]\n [ -30.   71.   37.   44.  -25.   58.  -12.   50.    3.    1.   -4.  -38.\n   -13.  -36.   19.   -7.   10.   44.  -34.   26.  -59.  155.  -15.]\n [  44.  -31.    3.  -22.  -18.  -34.   -4.  -65.   13.   35.   -1.  -34.\n    -6.  -14.  -10.   17.   12.  101.   51.   23.   -1.  -15.  161.]] and r = [-1. -3.  4.  0.  0.  2. -3. -4. -2. -4.  1. -3.  2.  0.  1.  1. -4.  0.\n -2.  4.  2. -4.  1.],\nsubject to C y <= d and E y = f, where\nC = [[-1.  2.  2.  2. -3. -3.  2. -3.  1. -4.  3.  4. -4. -4.  3.  1.  0. -1.\n  -1. -4.  1. -4. -2.]\n [ 2.  2.  2.  3.  3. -3.  3.  4. -2. -2.  0. -4.  3. -2. -3.  3.  1.  4.\n  -1. -4.  4.  2. -2.]\n [-2. -1. -4. -2.  1. -3.  0. -3. -4.  0.  2. -1. -3. -2. -2. -3. -3. -3.\n   2.  1. -4.  2.  3.]\n [-4. -2.  0. -1.  4. -2. -2.  0.  1.  4. -3. -4.  3. -3.  0.  3.  4.  1.\n   3.  0.  4. -3. -1.]\n [ 4.  1.  1. -2.  4.  3. -2.  2.  0.  0.  3.  0.  2.  0.  2. -1.  0.  4.\n   1. -1. -3. -1. -2.]\n [-4.  1.  3.  2.  2.  1.  2. -3.  3.  4.  4. -1.  2.  0.  1.  0.  2.  1.\n   3.  0.  4.  0.  3.]\n [-2.  0. -3. -4.  2.  2. -2.  1.  4.  4. -2.  2. -4. -2. -3. -4.  4.  2.\n   3. -2.  2. -3.  4.]\n [-3. -1. -1. -1.  2. -2.  3.  0.  4. -2. -3.  1. -2. -4. -3. -3. -2.  2.\n  -2. -2.  2. -3.  2.]\n [-4. -2. -3.  4.  4.  0.  0.  3. -1.  1.  4. -2.  0.  2.  3.  0. -1.  2.\n   0.  2.  2.  2.  0.]\n [-2. -3.  1. -4.  3.  4. -2.  3.  4. -3. -4.  3.  2.  2. -1. -3. -2.  1.\n  -2. -1. -2.  2. -3.]\n [ 3. -3. -1.  3.  4.  0.  4.  3. -1.  2.  3. -2. -2.  3. -2. -3. -1.  3.\n   4.  1. -4. -3. -3.]\n [-1. -3. -4. -1. -4.  1.  0. -2. -4.  3. -1.  4. -1.  0.  2.  3.  2. -3.\n  -1.  3.  3. -2.  1.]\n [ 1. -2.  1. -4. -2. -4.  3.  4.  0. -4.  1. -2.  0. -2. -4.  3. -1.  4.\n  -2.  2.  1.  4.  0.]\n [ 1. -3.  0. -4.  2. -3.  0.  2. -3.  2.  2.  1. -3. -1. -4.  4. -4.  2.\n   4.  0. -3. -1. -2.]\n [ 3. -1. -2. -1.  4. -1. -4.  4.  4.  3.  0.  2. -4.  1.  2. -2. -1.  2.\n   4.  2.  4.  2. -3.]\n [-2.  3. -3.  1. -1. -1.  0.  2.  0.  4.  2. -4.  4.  2.  2.  2.  4. -3.\n  -2.  3.  3. -1.  0.]\n [ 1. -1. -2.  1.  0.  3. -2. -2.  0.  0. -2. -2.  2.  3.  0.  4.  3.  2.\n  -4.  3. -2.  2.  1.]\n [-4. -2. -1. -2. -2. -1.  0.  3.  1. -4.  4.  3. -1.  3. -1. -2.  1. -4.\n  -4. -3. -3. -1.  0.]\n [ 1.  4.  4.  2.  1. -1.  4.  0. -2. -3. -1.  1. -1. -3. -1. -4.  2.  2.\n  -4. -3.  0.  4.  4.]\n [ 4. -4. -1.  2. -3.  1.  4.  1.  2.  4. -2. -2.  4. -4. -2. -1.  4. -1.\n   4. -3.  4.  3.  0.]\n [-2.  1. -1.  3. -4. -4.  4.  1.  2.  1.  1.  1. -3. -4. -4.  0. -1. -1.\n  -4. -3.  2.  1.  2.]\n [ 4.  4.  0.  2. -4. -3. -2. -2. -1.  3.  4.  1.  1.  2.  4. -4.  1. -1.\n  -3.  2.  3.  0.  0.]\n [-2. -1.  0.  2.  3. -3.  3.  1. -4. -4.  0.  4. -4. -4.  3. -1.  4. -2.\n  -2. -4.  3.  1.  2.]\n [-2.  4. -3. -2. -4.  1.  0.  1. -4.  0.  4. -2.  1. -4.  4. -3.  1.  2.\n   3. -3. -2. -1. -2.]], d = [ -7.  24. -44.   1.   3.  47.   0. -20.  20.  -3.  -9.  17.   4. -20.\n  11.   4.  26. -29.  39.  21.  -2.  -7.  32. -43.],\nE = [[ 1.  0.  3. -2.  0.  1.  0. -3.  0.  3.  2. -3.  2.  4.  4.  3.  0. -3.\n   1. -3.  1.  2. -1.]\n [ 1.  4.  0. -1.  4.  2.  2. -1.  4.  2.  4.  4. -1.  4. -1. -1. -2. -4.\n  -1.  2.  0.  1.  0.]\n [-1.  2. -4. -2. -1.  3. -2.  3. -2. -1. -1. -4.  1.  3. -3.  2. -2.  0.\n  -3.  1. -3. -1. -4.]\n [ 3. -1. -2.  1.  1.  4.  2.  1.  4. -2.  2.  1. -1.  4.  4.  4.  2. -1.\n   2. -3.  1. -1. -1.]\n [ 0.  1.  4. -4. -4.  2. -3. -2.  2.  0.  0.  1.  0. -2.  2. -2. -2. -1.\n  -3.  3.  0. -4.  3.]\n [-1. -4. -1. -3.  1.  2. -4. -1. -3. -4.  1. -3. -3. -3.  2. -2.  1. -1.\n  -1. -2.  0. -4. -3.]\n [-1. -3.  4. -1.  2.  2. -1. -2.  1. -3. -4.  0. -2.  0.  2.  1.  0.  2.\n   0. -1.  4.  0.  4.]\n [ 0. -1. -3. -2.  3.  1.  2.  0.  0.  3. -2. -1.  3. -3. -1. -2.  2.  1.\n   3. -4. -1. -3.  1.]\n [-4. -4. -3.  2. -3.  0. -1. -1.  1. -4. -1.  2.  0.  4. -2. -2.  0. -2.\n  -2.  2.  1. -2. -1.]\n [-3.  4. -1.  4.  1.  0.  1.  2.  2. -3. -1.  0.  4. -4. -2. -1. -4.  0.\n   2.  0. -2. -1. -4.]\n [-4.  2.  4. -3. -4.  0. -3. -4. -4.  4. -4.  0. -1. -4. -2.  3.  3.  0.\n  -4.  2. -4.  3.  2.]], f = [ -5.  29. -43.  26. -18. -58.  30. -24. -18.  -9.  12.].\nWhat is the optimal objective value?",
    "answer": "4916.62"
  }
]